#	origin	A	C	D	E	F	G	H	I	K	L	M	N	P	Q	R	S	T	V	W	Y
1	M	-1	-1	-1	-1	-1	-1	-1	0	-1	0	-	-1	-1	-1	-1	-1	-1	0	-1	-1
2	F	-1	-1	-1	-1	-	-1	-1	-1	-1	0	-1	-1	-1	-1	-1	-1	-1	-1	-1	0
3	V	0	-1	-1	-1	-1	-1	-1	0	-1	0	0	-1	-1	-1	-1	-1	-1	-	-1	-1
4	F	-1	-1	-1	-1	-	-1	-1	-1	-1	0	-1	-1	-1	-1	-1	-1	-1	-1	-1	0
5	L	-1	-1	-1	-1	0	-1	-1	0	-1	-	0	-1	-1	0	-1	-1	-1	0	-1	-1
6	V	0	-1	-1	-1	-1	-1	-1	0	-1	0	0	-1	-1	-1	-1	-1	-1	-	-1	-1
7	L	-1	-1	-1	-1	0	-1	-1	0	-1	-	0	-1	-1	0	-1	-1	-1	0	-1	-1
8	L	-1	-1	-1	-1	0	-1	-1	0	-1	-	0	-1	-1	-1	-1	-1	-1	0	-1	-1
9	P	0	-1	-1	-1	-1	-1	-1	-1	-1	-1	-1	-1	-	0	-1	0	-1	-1	-1	-1
10	L	-1	-1	-1	-1	0	-1	-1	0	-1	-	0	-1	-1	-1	-1	-1	-1	0	-1	-1
11	V	0	-1	-1	-1	-1	-1	-1	0	-1	0	0	-1	-1	-1	-1	-1	-1	-	-1	-1
12	S	0	0	0	-1	-1	0	0	0	-1	-1	0	0	-1	-1	-1	-	0	-1	-1	0
13	S	0	0	0	0	-1	0	0	0	-1	-1	0	0	-1	-1	-1	-	0	0	-1	0
14	Q	0	-1	0	0	0	0	0	0	0	0	-1	0	-1	-	0	0	0	0	-1	-1
15	C	0	-	-1	-1	0	-1	-1	-1	-1	-1	-1	-1	-1	-1	-1	0	-1	-1	-1	-1
16	V	0	-1	-1	-1	0	-1	-1	0	-1	0	0	-1	-1	-1	-1	-1	-1	-	-1	-1
17	N	0	-1	0	0	-1	-1	0	0	0	-1	-1	-	-1	0	-1	0	-1	0	-1	-1
18	L	-1	-1	-1	-1	-1	-1	-1	-1	-1	-	0	-1	-1	-1	-1	-1	-1	-1	-1	-1
19	T	0	-1	-1	-1	-1	-1	-1	0	0	-1	0	-1	-1	-1	-1	0	-	0	-1	-1
20	T	0	-1	-1	-1	-1	-1	0	0	0	-1	0	0	-1	-1	-1	0	-	0	-1	-1
21	R	-1	0	-1	-1	-1	-1	-1	-1	0	-1	-1	-1	-1	-1	-	-1	-1	-1	-1	-1
22	T	0	-1	-1	-1	-1	-1	-1	0	0	-1	0	-1	-1	-1	-1	0	-	0	-1	-1
23	Q	0	-1	-1	0	0	-1	0	-1	0	0	-1	-1	-1	-	0	-1	-1	0	-1	-1
24	L	-1	0	-1	-1	0	-1	-1	0	-1	-	0	-1	-1	-1	-1	-1	-1	0	-1	-1
25	P	0	-1	-1	-1	-1	-1	-1	-1	-1	-1	-1	-1	-	-1	-1	-1	-1	-1	-1	-1
26	P	-1	-1	-1	-1	-1	-1	-1	-1	-1	-1	-1	-1	-	-1	-1	-1	-1	-1	-1	-1
27	A	-	-1	-1	-1	-1	-1	-1	-1	-1	-1	-1	-1	-1	-1	-1	0	0	0	-1	-1
28	Y	-1	0	-1	-1	0	-1	-1	-1	-1	-1	-1	-1	-1	-1	-1	-1	-1	-1	-1	-
29	T	0	0	-1	-1	-1	-1	0	0	0	0	0	0	-1	0	-1	0	-	0	-1	-1
30	N	0	-1	0	-1	-1	-1	0	-1	0	-1	-1	-	-1	-1	-1	0	-1	-1	-1	-1
31	S	0	0	-1	-1	-1	0	-1	0	-1	-1	0	0	-1	-1	-1	-	0	0	-1	0
32	F	-1	0	-1	-1	-	-1	-1	0	-1	0	0	-1	-1	-1	-1	1	-1	0	0	0
33	T	0	0	-1	-1	-1	0	0	0	0	0	0	0	-1	0	0	0	-	0	-1	0
34	R	0	0	0	0	-1	0	0	-1	0	0	0	0	-1	0	-	0	0	-1	-1	-1
35	G	0	0	0	-1	-1	-	-1	-1	-1	-1	-1	-1	-1	-1	-1	0	-1	0	-1	-1
36	V	0	-1	-1	-1	-1	-1	-1	0	-1	0	0	-1	-1	-1	-1	-1	-1	-	-1	-1
37	Y	0	0	-1	-1	0	-1	0	-1	-1	-1	0	0	-1	-1	-1	0	-1	-1	-1	-
38	Y	0	0	0	-1	0	-1	0	0	0	-1	0	0	-1	-1	-1	0	-1	0	-1	-
39	P	0	-1	-1	-1	-1	-1	-1	-1	-1	0	-1	-1	-	0	0	0	-1	-1	-1	-1
40	D	0	0	-	0	-1	0	-1	-1	-1	-1	-1	0	-1	-1	-1	0	-1	0	-1	0
41	K	0	0	-1	0	-1	-1	0	0	-	-1	0	0	-1	0	0	0	0	0	-1	0
42	V	0	-1	-1	-1	-1	-1	-1	0	-1	0	0	-1	-1	-1	-1	-1	-1	-	-1	-1
43	F	0	0	-1	-1	-	-1	0	0	-1	0	0	0	-1	0	-1	0	0	0	0	0
44	R	0	0	0	0	0	0	0	0	0	0	0	0	-1	0	-	0	0	0	-1	0
45	S	0	0	0	0	0	0	0	0	0	0	0	0	-1	0	0	-	0	0	1	0
46	S	0	0	0	0	0	0	0	0	0	0	0	0	-1	0	0	-	0	0	1	0
47	V	0	0	-1	0	0	-1	-1	0	-1	0	0	-1	-1	0	-1	-1	-1	-	-1	-1
48	L	0	-1	-1	-1	1	-1	-1	0	-1	-	0	-1	-1	0	0	-1	0	0	-1	0
49	H	0	0	0	0	0	0	-	0	0	0	0	0	-1	0	0	0	0	0	-1	0
50	S	0	0	0	0	0	0	0	0	0	0	0	0	-1	0	0	-	0	0	-1	0
51	T	0	0	0	-1	-1	0	0	0	0	0	0	0	0	0	0	0	-	0	-1	0
52	Q	0	0	0	0	0	-1	0	0	0	0	0	0	-1	-	0	0	0	0	-1	-1
53	D	0	-1	-	0	-1	0	-1	-1	-1	-1	-1	0	-1	-1	-1	0	-1	0	-1	0
54	L	-1	-1	-1	-1	1	-1	-1	0	-1	-	0	-1	-1	-1	-1	-1	-1	0	-1	-1
55	F	-1	0	-1	-1	-	-1	-1	0	-1	0	0	-1	-1	-1	-1	-1	-1	-1	-1	0
56	L	-1	-1	-1	-1	1	-1	-1	0	-1	-	0	-1	-1	-1	-1	-1	-1	0	-1	-1
57	P	0	-1	-1	-1	-1	-1	-1	-1	-1	0	-1	-1	-	0	0	0	0	-1	-1	-1
58	F	0	0	-1	-1	-	-1	-1	0	-1	0	0	0	-1	0	-1	0	0	0	0	0
59	F	0	0	-1	-1	-	-1	-1	0	-1	0	0	0	-1	0	-1	0	0	0	0	0
60	S	0	0	0	0	0	0	0	0	0	0	0	0	-1	0	0	-	0	0	-1	0
61	N	0	0	0	0	-1	0	0	0	0	0	0	-	-1	0	0	0	0	0	-1	0
62	V	0	0	0	0	0	0	0	0	0	0	0	0	0	0	0	0	0	-	-1	0
63	T	0	0	0	0	-1	0	0	0	0	0	0	0	0	0	0	0	-	0	-1	0
64	W	0	0	0	-1	0	0	0	0	0	0	0	0	0	0	0	1	0	0	-	0
65	F	0	0	-1	-1	-	-1	0	0	-1	0	0	0	0	0	0	0	0	0	0	0
66	H	0	0	0	-1	0	0	-	0	0	0	0	0	-1	0	0	0	0	0	-1	0
67	A	-	0	0	0	-1	0	-1	0	-1	0	0	0	-1	0	-1	0	0	0	-1	-1
68	I	0	-1	-1	-1	0	-1	-1	-	-1	0	0	0	-1	-1	-1	-1	0	0	-1	-1
69	H	0	0	0	-1	0	0	-	0	0	0	0	0	-1	0	0	0	0	0	-1	0
70	V	0	0	-1	-1	0	-1	-1	0	-1	0	0	-1	-1	-1	-1	-1	-1	-	-1	-1
71	S	0	0	0	0	0	0	0	0	-1	0	0	0	-1	0	0	-	0	0	-1	0
72	G	0	0	0	-1	-1	-	0	-1	0	-1	-1	0	-1	0	0	0	0	0	-1	-1
73	T	0	0	0	-1	-1	0	0	0	0	0	0	0	-1	0	0	0	-	0	-1	0
74	N	0	-1	0	0	-1	0	0	0	0	-1	0	-	-1	0	0	0	0	0	-1	-1
75	G	0	0	0	-1	-1	-	-1	-1	-1	-1	-1	-1	-1	-1	-1	0	-1	0	-1	-1
76	T	0	-1	-1	-1	-1	-1	-1	0	-1	-1	0	0	-1	-1	-1	0	-	0	-1	-1
77	K	0	-1	-1	0	-1	-1	-1	0	-	-1	0	0	-1	0	0	0	0	0	-1	-1
78	R	0	0	-1	-1	-1	-1	0	-1	0	-1	-1	-1	-1	0	-	0	-1	-1	-1	-1
79	F	-1	0	-1	-1	-	-1	-1	0	-1	0	0	-1	-1	-1	-1	-1	-1	0	-1	0
80	D	0	-1	-	0	-1	0	-1	-1	-1	-1	-1	0	-1	-1	-1	-1	-1	0	-1	0
81	N	0	-1	0	0	-1	0	0	0	0	-1	-1	-	-1	0	0	0	0	0	-1	-1
82	P	0	-1	-1	-1	-1	-1	-1	-1	-1	0	-1	-1	-	0	0	0	-1	-1	-1	-1
83	V	0	-1	-1	-1	-1	-1	-1	0	-1	0	0	-1	-1	-1	-1	-1	-1	-	-1	-1
84	L	-1	-1	-1	-1	1	-1	-1	0	-1	-	0	-1	-1	-1	-1	-1	-1	0	-1	-1
85	P	0	-1	-1	-1	-1	-1	-1	-1	-1	0	-1	-1	-	0	0	0	-1	-1	-1	-1
86	F	-1	0	-1	-1	-	-1	-1	0	-1	0	0	-1	-1	-1	-1	-1	-1	0	-1	0
87	N	0	-1	0	-1	-1	-1	0	0	0	-1	0	-	-1	0	-1	0	0	-1	-1	-1
88	D	0	-1	-	0	-1	0	-1	-1	-1	-1	-1	0	-1	-1	-1	-1	-1	0	-1	0
89	G	-1	-1	0	-1	-1	-	-1	-1	-1	-1	-1	-1	-1	-1	-1	0	-1	0	-1	-1
90	V	0	-1	-1	-1	-1	-1	-1	0	-1	0	0	-1	-1	-1	-1	-1	-1	-	-1	-1
91	Y	-1	0	-1	-1	0	-1	0	-1	-1	-1	-1	-1	-1	-1	-1	-1	-1	-1	-1	-
92	F	-1	0	-1	-1	-	-1	-1	0	-1	0	0	-1	-1	-1	-1	-1	-1	0	-1	0
93	A	-	0	-1	-1	-1	0	-1	-1	-1	0	-1	-1	-1	-1	-1	0	0	0	-1	-1
94	S	0	0	0	0	-1	0	0	0	-1	-1	0	0	-1	0	0	-	0	0	-1	0
95	T	0	-1	-1	-1	-1	-1	0	0	-1	-1	0	0	-1	0	-1	0	-	0	-1	-1
96	E	0	-1	0	-	-1	0	-1	-1	0	-1	-1	0	-1	0	-1	0	-1	0	-1	-1
97	K	0	-1	-1	0	-1	-1	-1	0	-	-1	0	0	-1	0	0	-1	0	-1	-1	-1
98	S	0	0	0	0	-1	0	0	0	-1	-1	0	0	-1	-1	-1	-	0	0	-1	0
99	N	0	-1	0	0	-1	-1	0	0	0	-1	-1	-	-1	0	0	0	0	0	-1	-1
100	I	0	-1	-1	-1	0	-1	-1	-	-1	0	0	0	-1	-1	-1	0	0	0	-1	-1
101	I	-1	-1	-1	-1	0	-1	-1	-	-1	0	0	0	-1	-1	-1	-1	0	0	-1	-1
102	R	0	0	0	0	0	0	0	0	0	0	0	0	-1	0	-	0	0	0	-1	0
103	G	-1	-1	-1	-1	-1	-	-1	-1	-1	-1	-1	-1	-1	-1	-1	-1	-1	0	-1	-1
104	W	-1	-1	-1	-1	-1	-1	-1	-1	-1	-1	-1	-1	-1	-1	-1	-1	-1	-1	-	-1
105	I	-1	-1	-1	0	-1	-1	-1	-	0	0	-1	0	-1	-1	1	-1	-1	0	-1	-1
106	F	0	0	-1	0	-	-1	0	-1	0	0	-1	0	-1	0	0	1	0	-1	-1	0
107	G	-1	-1	0	-1	-1	-	-1	-1	-1	-1	-1	-1	-1	-1	-1	0	-1	0	-1	-1
108	T	0	-1	-1	-1	-1	-1	-1	0	-1	-1	0	0	-1	-1	-1	0	-	0	-1	-1
109	T	0	-1	-1	-1	-1	-1	-1	0	-1	-1	0	0	-1	-1	-1	0	-	0	-1	-1
110	L	-1	-1	-1	-1	1	-1	-1	0	-1	-	0	-1	-1	-1	-1	-1	-1	0	-1	-1
111	D	-1	-1	-	0	-1	0	-1	-1	-1	-1	-1	0	-1	-1	-1	-1	-1	0	-1	-1
112	S	0	0	0	-1	-1	0	-1	-1	-1	-1	0	0	-1	-1	-1	-	0	0	-1	0
113	K	0	-1	-1	0	-1	-1	-1	-1	-	-1	-1	-1	-1	0	0	-1	0	-1	-1	-1
114	T	0	-1	-1	-1	-1	-1	-1	0	0	-1	0	-1	-1	-1	-1	0	-	0	-1	-1
115	Q	0	-1	-1	0	-1	-1	-1	-1	0	-1	-1	-1	-1	-	0	-1	-1	-1	-1	-1
116	S	0	0	-1	-1	-1	0	-1	-1	-1	-1	0	0	-1	-1	-1	-	0	-1	-1	-1
117	L	-1	-1	-1	-1	-1	-1	-1	-1	-1	-	0	-1	-1	-1	-1	-1	-1	-1	-1	-1
118	L	-1	-1	-1	-1	-1	-1	-1	-1	-1	-	0	-1	-1	-1	-1	-1	-1	-1	-1	-1
119	I	-1	-1	-1	-1	-1	-1	-1	-	-1	0	-1	-1	-1	-1	-1	-1	-1	0	-1	-1
120	V	0	-1	-1	-1	-1	-1	-1	0	-1	0	0	-1	-1	0	-1	-1	-1	-	-1	-1
121	N	0	0	0	0	-1	0	0	0	0	0	0	-	-1	0	0	0	0	0	-1	0
122	N	0	0	0	0	-1	0	0	0	0	0	0	-	-1	0	0	0	0	0	-1	0
123	A	-	0	0	-1	0	0	-1	0	-1	0	0	0	-1	0	0	0	0	0	-1	0
124	T	0	0	0	0	-1	0	0	0	0	0	0	0	-1	0	0	0	-	0	-1	0
125	N	0	0	0	0	-1	0	0	0	0	0	0	-	-1	0	0	0	0	0	-1	0
126	V	0	0	-1	0	0	-1	-1	0	-1	0	0	-1	-1	0	0	-1	-1	-	-1	-1
127	V	0	0	-1	0	0	-1	-1	0	-1	0	0	-1	-1	0	-1	-1	-1	-	-1	-1
128	I	0	0	-1	0	0	-1	0	-	0	0	0	0	-1	0	0	0	0	0	-1	0
129	K	0	0	0	0	0	0	0	0	-	0	0	0	-1	0	0	0	0	0	-1	0
130	V	0	0	-1	-1	0	-1	-1	0	-1	0	0	-1	-1	-1	-1	-1	-1	-	-1	-1
131	C	0	-	-1	-1	0	-1	-1	0	-1	0	0	-1	-1	-1	-1	0	-1	-1	-1	0
132	E	0	0	0	-	-1	0	0	0	0	0	-1	0	-1	0	0	0	0	0	-1	-1
133	F	0	0	-1	-1	-	-1	-1	0	-1	0	0	-1	-1	-1	-1	1	0	0	0	0
134	Q	0	0	0	0	0	0	0	0	0	0	0	0	-1	-	0	0	0	0	-1	0
135	F	0	0	-1	-1	-	-1	-1	0	-1	0	0	-1	-1	-1	-1	1	0	0	0	0
136	C	0	-	-1	-1	0	-1	0	0	-1	0	0	-1	-1	-1	-1	0	0	0	-1	0
137	N	0	0	0	0	0	0	0	0	0	0	0	-	0	0	0	0	0	0	-1	0
138	D	0	-1	-	0	-1	0	0	0	-1	-1	-1	0	-1	0	0	0	0	0	-1	0
139	P	0	-1	-1	-1	-1	-1	-1	-1	-1	0	-1	-1	-	0	0	0	0	-1	-1	-1
140	F	-1	0	-1	-1	-	-1	-1	0	-1	0	0	-1	-1	-1	-1	-1	-1	0	-1	0
141	L	-1	-1	-1	-1	1	-1	-1	0	-1	-	0	-1	-1	-1	-1	-1	-1	0	-1	-1
142	G	0	0	0	-1	-1	-	-1	-1	-1	-1	-1	-1	-1	-1	-1	0	-1	0	-1	-1
143	V	0	-1	-1	-1	-1	-1	-1	0	-1	0	0	-1	-1	-1	-1	-1	-1	-	-1	-1
144	Y	-1	0	-1	-1	0	-1	0	0	-1	-1	0	0	-1	-1	-1	-1	-1	0	-1	-
145	Y	-1	0	-1	-1	0	-1	0	-1	-1	-1	0	0	-1	-1	-1	-1	-1	-1	-1	-
146	H	0	0	-1	-1	0	-1	-	0	-1	0	0	0	-1	0	0	0	0	0	-1	0
147	K	0	-1	-1	0	-1	-1	-1	0	-	-1	0	0	-1	0	0	-1	0	-1	-1	-1
148	N	-1	0	0	-1	-1	0	0	0	0	-1	0	-	-1	-1	-1	0	0	0	-1	0
149	N	-1	0	0	-1	-1	0	0	0	0	-1	0	-	-1	-1	-1	0	0	-1	-1	0
150	K	0	-1	-1	0	-1	-1	-1	0	-	-1	0	0	-1	0	0	-1	0	-1	-1	-1
151	S	0	0	0	0	0	0	0	0	0	0	0	0	-1	0	0	-	0	0	-1	0
152	W	-1	0	-1	-1	0	-1	-1	0	-1	-1	0	-1	-1	-1	-1	1	1	0	-	0
153	M	-1	-1	-1	-1	-1	-1	-1	0	-1	0	-	-1	-1	-1	-1	-1	-1	0	-1	-1
154	E	0	0	0	-	-1	0	-1	0	0	0	-1	0	-1	0	0	0	0	0	-1	-1
155	S	0	0	0	0	0	0	0	0	0	0	0	0	-1	0	0	-	0	0	-1	0
156	E	0	-1	0	-	-1	0	-1	-1	0	-1	-1	0	-1	0	0	0	0	0	-1	-1
157	F	0	0	-1	0	-	0	0	0	0	0	0	0	0	0	0	1	0	0	0	0
158	R	0	0	0	1	0	0	0	0	0	0	0	0	-1	0	-	0	0	0	-1	-1
159	V	0	0	-1	0	0	-1	0	0	-1	0	0	-1	-1	0	0	-1	-1	-	-1	0
160	Y	0	0	-1	-1	0	-1	0	0	0	-1	0	0	-1	-1	0	0	0	0	0	-
161	S	0	0	0	0	0	0	0	0	0	0	0	0	-1	0	0	-	0	0	-1	0
162	S	0	0	0	0	0	0	0	0	0	0	0	0	-1	0	0	-	0	0	-1	0
163	A	-	0	-1	-1	-1	0	-1	0	-1	-1	0	-1	-1	-1	-1	0	0	0	-1	-1
164	N	0	-1	0	-1	-1	-1	0	0	0	-1	0	-	-1	-1	-1	0	0	0	-1	0
165	N	0	-1	0	-1	-1	-1	0	0	0	-1	0	-	-1	0	-1	0	0	0	-1	0
166	C	0	-	-1	-1	0	-1	-1	0	-1	-1	0	-1	-1	-1	-1	0	-1	-1	-1	-1
167	T	0	0	-1	-1	-1	-1	0	0	0	-1	0	0	-1	0	-1	0	-	0	-1	-1
168	F	0	0	-1	-1	-	-1	0	0	-1	0	0	-1	-1	0	-1	0	0	0	0	0
169	E	0	0	0	-	-1	0	0	0	0	0	-1	0	-1	0	0	0	0	0	-1	-1
170	Y	0	0	-1	-1	0	-1	0	0	0	-1	0	0	-1	0	0	0	0	0	0	-
171	V	0	0	-1	0	0	-1	-1	0	-1	0	0	-1	-1	0	-1	-1	-1	-	-1	-1
172	S	0	0	0	0	0	0	0	0	0	0	0	0	-1	0	0	-	0	0	-1	0
173	Q	0	0	0	0	0	0	0	0	0	0	0	0	-1	-	0	0	0	0	-1	0
174	P	0	-1	-1	-1	-1	-1	-1	-1	-1	0	-1	-1	-	0	0	0	0	-1	-1	-1
175	F	0	0	-1	-1	-	-1	0	0	-1	0	0	-1	-1	-1	-1	0	-1	0	0	0
176	L	0	0	-1	-1	1	-1	0	0	-1	-	0	-1	-1	0	0	-1	0	0	-1	0
177	M	-1	0	-1	-1	-1	-1	-1	0	0	0	-	0	-1	-1	-1	-1	-1	0	-1	-1
178	D	0	0	-	0	-1	0	0	-1	0	-1	0	0	-1	0	-1	0	0	0	-1	0
179	L	0	-1	-1	0	1	-1	0	0	-1	-	0	0	-1	0	0	0	0	0	-1	0
180	E	0	0	0	-	-1	0	0	0	0	0	0	0	-1	0	0	0	0	0	-1	-1
181	G	0	0	0	-1	-1	-	-1	-1	0	-1	-1	0	-1	0	-1	0	0	0	-1	-1
182	K	0	-1	-1	0	-1	-1	-1	0	-	-1	0	0	-1	0	0	-1	0	-1	-1	-1
183	Q	0	0	0	0	0	0	0	0	0	0	0	0	-1	-	0	0	0	0	-1	0
184	G	0	0	0	-1	-1	-	-1	-1	0	-1	-1	0	-1	0	-1	0	0	0	-1	-1
185	N	0	0	0	0	-1	0	0	0	0	0	0	-	-1	0	0	0	0	0	-1	0
186	F	0	0	-1	-1	-	-1	0	0	-1	0	0	-1	-1	-1	-1	0	0	0	0	0
187	K	0	0	0	0	0	0	0	0	-	0	0	0	-1	0	0	0	0	0	-1	0
188	N	0	0	0	0	0	0	0	0	0	0	0	-	-1	0	0	0	0	0	-1	0
189	L	-1	-1	-1	-1	0	-1	-1	0	-1	-	0	-1	-1	-1	-1	-1	-1	0	-1	-1
190	R	0	0	0	0	0	0	0	0	0	0	0	0	0	0	-	0	0	0	0	0
191	E	0	0	0	-	-1	0	0	0	0	0	0	0	-1	0	0	0	0	0	-1	-1
192	F	0	0	-1	-1	-	-1	-1	0	-1	0	0	-1	-1	-1	-1	1	0	0	0	0
193	V	0	0	-1	0	0	-1	-1	0	-1	0	0	-1	-1	0	0	-1	-1	-	-1	-1
194	F	0	0	-1	-1	-	-1	-1	0	-1	0	0	-1	-1	0	-1	1	0	0	0	0
195	K	0	0	0	0	0	0	0	0	-	0	0	0	-1	0	0	0	0	0	-1	0
196	N	0	0	0	0	-1	0	0	0	0	0	0	-	-1	0	0	0	0	0	-1	0
197	I	0	0	-1	-1	0	-1	-1	-	-1	0	0	0	-1	-1	-1	0	0	0	-1	-1
198	D	0	-1	-	0	-1	0	-1	-1	-1	-1	-1	0	-1	0	-1	0	-1	0	-1	0
199	G	0	0	0	-1	-1	-	-1	-1	-1	-1	-1	-1	-1	-1	0	0	-1	0	-1	-1
200	Y	0	0	0	-1	0	-1	0	0	0	0	0	0	-1	0	0	0	-1	0	-1	-
201	F	-1	0	-1	-1	-	-1	-1	0	-1	0	0	-1	-1	-1	-1	-1	-1	0	-1	0
202	K	0	-1	0	0	-1	-1	0	0	-	-1	0	0	-1	0	0	0	0	0	-1	-1
203	I	0	0	-1	-1	0	-1	-1	-	-1	0	0	0	-1	-1	-1	0	0	0	-1	-1
204	Y	0	0	0	-1	0	-1	0	0	0	0	0	0	-1	0	0	0	-1	0	-1	-
205	S	0	0	0	0	0	0	0	0	0	0	0	0	0	0	0	-	0	0	-1	0
206	K	0	-1	-1	0	-1	-1	-1	0	-	-1	0	0	-1	0	0	-1	0	-1	-1	-1
207	H	0	0	0	0	0	0	-	0	0	0	0	0	0	0	0	0	0	0	-1	0
208	T	0	0	0	-1	-1	0	0	0	0	0	0	0	0	0	0	0	-	0	-1	0
209	P	0	-1	0	-1	0	0	0	-1	0	0	0	0	-	0	0	0	0	0	-1	-1
210	I	-1	-1	-1	-1	0	-1	-1	-	-1	0	0	0	-1	-1	-1	-1	0	0	-1	-1
211	N	0	-1	0	0	-1	0	0	0	0	-1	-1	-	-1	0	0	0	0	0	-1	-1
212	L	-1	-1	-1	-1	1	-1	-1	0	-1	-	0	-1	-1	-1	-1	-1	-1	0	-1	-1
213	V	0	-1	-1	0	0	-1	-1	0	-1	0	0	-1	-1	0	-1	-1	-1	-	-1	-1
214	R	0	0	0	0	0	0	0	0	0	0	0	0	0	0	-	0	0	0	-1	0
215	D	0	0	-	0	0	0	0	0	0	0	0	0	0	0	0	0	0	0	-1	0
216	L	0	-1	-1	0	1	-1	0	0	-1	-	0	0	0	0	0	0	0	0	-1	0
217	P	0	-1	0	0	0	0	0	0	0	0	0	0	-	0	0	0	0	0	-1	-1
218	Q	0	0	0	0	0	0	0	0	0	0	0	0	-1	-	0	0	0	0	-1	0
219	G	0	0	0	-1	-1	-	-1	-1	-1	-1	-1	0	-1	-1	-1	0	-1	0	-1	-1
220	F	-1	0	-1	-1	-	-1	-1	0	-1	0	-1	-1	-1	-1	-1	-1	-1	-1	0	0
221	S	0	0	0	0	-1	0	0	0	0	-1	0	0	-1	0	0	-	0	-1	-1	0
222	A	-	0	0	0	-1	0	0	0	-1	0	0	0	-1	0	0	0	0	0	-1	0
223	L	-1	-1	-1	-1	0	-1	-1	0	-1	-	0	-1	-1	0	0	-1	-1	0	-1	0
224	E	0	0	0	-	-1	0	0	0	0	0	-1	0	-1	0	1	0	0	0	-1	-1
225	P	0	-1	-1	-1	-1	-1	0	-1	-1	0	-1	0	-	0	0	0	0	-1	-1	-1
226	L	0	-1	-1	-1	0	-1	0	0	-1	-	0	-1	-1	0	0	-1	0	0	-1	0
227	V	0	0	1	0	0	-1	0	0	-1	0	0	-1	0	0	0	-1	-1	-	-1	-1
228	D	0	-1	-	0	-1	0	-1	-1	-1	-1	-1	0	-1	0	0	0	-1	0	-1	0
229	L	0	-1	-1	-1	0	-1	0	0	0	-	0	-1	-1	0	0	-1	0	0	-1	-1
230	P	0	-1	-1	-1	-1	-1	-1	-1	-1	0	-1	-1	-	0	0	0	0	-1	-1	-1
231	I	-1	-1	-1	-1	0	-1	-1	-	-1	0	0	0	-1	-1	-1	0	0	0	-1	-1
232	G	-1	-1	0	-1	-1	-	-1	-1	-1	-1	-1	-1	-1	-1	-1	-1	-1	0	-1	-1
233	I	0	0	-1	-1	0	-1	-1	-	-1	0	0	0	-1	-1	-1	0	0	0	-1	-1
234	N	0	-1	0	-1	-1	-1	0	0	0	-1	-1	-	-1	0	0	0	0	0	-1	-1
235	I	-1	-1	-1	-1	0	-1	-1	-	-1	0	0	0	-1	-1	-1	-1	0	0	-1	-1
236	T	0	-1	-1	-1	-1	-1	-1	0	-1	-1	0	-1	-1	-1	-1	0	-	0	-1	-1
237	R	-1	0	-1	-1	-1	-1	-1	-1	0	-1	-1	-1	-1	-1	-	-1	-1	-1	-1	-1
238	F	-1	-1	-1	-1	-	-1	-1	-1	-1	0	-1	-1	-1	-1	-1	-1	-1	-1	-1	0
239	Q	0	-1	-1	0	-1	-1	0	-1	0	0	-1	-1	-1	-	0	-1	0	-1	-1	-1
240	T	0	-1	-1	-1	-1	-1	-1	-1	-1	-1	-1	-1	-1	-1	-1	0	-	0	-1	-1
241	L	-1	-1	-1	-1	0	-1	-1	0	-1	-	0	-1	-1	-1	-1	-1	-1	0	-1	-1
242	L	-1	-1	-1	-1	1	-1	-1	0	-1	-	0	-1	-1	-1	-1	-1	-1	0	-1	-1
243	A	-	0	-1	-1	-1	0	-1	-1	-1	-1	-1	-1	-1	-1	-1	0	0	0	-1	-1
244	L	-1	-1	-1	-1	1	-1	-1	-1	-1	-	0	-1	-1	-1	-1	-1	-1	-1	-1	-1
245	H	0	-1	-1	-1	0	-1	-	0	0	0	0	0	-1	0	0	0	0	0	-1	0
246	R	0	0	-1	-1	0	-1	0	0	0	0	0	-1	-1	0	-	0	0	0	-1	-1
247	S	0	0	-1	-1	-1	0	0	0	-1	-1	0	0	-1	-1	-1	-	0	0	-1	0
248	Y	-1	0	-1	-1	0	-1	0	-1	-1	-1	0	-1	-1	-1	-1	0	-1	-1	-1	-
249	L	-1	-1	-1	-1	1	-1	-1	0	-1	-	0	-1	-1	-1	-1	-1	-1	0	-1	-1
250	T	0	0	-1	-1	-1	-1	0	0	0	0	0	0	-1	0	-1	0	-	0	-1	-1
251	P	0	-1	-1	-1	-1	-1	-1	-1	-1	0	-1	-1	-	0	0	0	0	-1	-1	-1
252	G	0	0	0	-1	-1	-	-1	-1	-1	-1	-1	-1	-1	-1	-1	0	-1	0	-1	-1
253	D	0	-1	-	0	-1	0	-1	-1	-1	-1	-1	0	-1	0	-1	0	-1	0	-1	0
254	S	0	0	0	0	0	0	0	0	0	-1	0	0	-1	0	0	-	0	0	-1	0
255	S	0	0	0	0	0	0	0	0	0	-1	0	0	-1	0	0	-	0	0	-1	0
256	S	0	0	0	-1	0	0	0	0	-1	-1	0	0	-1	-1	-1	-	0	0	-1	0
257	G	0	0	0	-1	-1	-	-1	-1	-1	-1	-1	-1	-1	-1	-1	0	-1	0	-1	-1
258	W	-1	0	-1	-1	0	-1	-1	0	-1	-1	0	-1	-1	-1	-1	1	-1	0	-	0
259	T	0	0	-1	-1	-1	0	0	0	0	0	0	0	-1	0	-1	0	-	0	0	0
260	A	-	0	0	0	-1	0	-1	0	0	0	0	0	-1	-1	-1	0	0	0	-1	-1
261	G	0	0	0	-1	-1	-	-1	-1	-1	-1	-1	-1	-1	-1	-1	0	-1	0	-1	-1
262	A	-	0	0	0	-1	0	-1	0	-1	0	0	-1	-1	-1	-1	0	0	0	-1	-1
263	A	-	0	0	-1	-1	0	-1	0	-1	0	0	-1	-1	-1	-1	0	0	0	-1	-1
264	A	-	0	0	-1	-1	0	-1	0	-1	0	0	-1	-1	-1	-1	0	0	0	-1	-1
265	Y	-1	0	-1	-1	0	-1	0	-1	-1	-1	-1	-1	-1	-1	-1	-1	-1	-1	-1	-
266	Y	0	0	0	0	0	-1	0	0	0	-1	0	0	-1	0	0	0	0	0	-1	-
267	V	0	-1	-1	-1	-1	-1	-1	0	-1	0	0	-1	-1	-1	-1	-1	-1	-	-1	-1
268	G	0	0	0	-1	-1	-	0	0	0	0	0	0	-1	0	0	0	0	0	-1	-1
269	Y	0	0	0	0	0	-1	0	0	0	-1	0	0	-1	0	0	0	0	0	-1	-
270	L	-1	-1	-1	-1	1	-1	-1	0	-1	-	0	-1	-1	0	-1	-1	-1	0	-1	-1
271	Q	0	0	0	0	0	-1	0	0	0	0	0	0	-1	-	0	0	0	0	-1	0
272	P	0	-1	-1	-1	-1	-1	-1	-1	-1	0	-1	-1	-	0	0	0	0	-1	-1	-1
273	R	0	0	0	-1	-1	0	0	0	0	0	0	0	-1	0	-	0	0	0	-1	-1
274	T	0	0	0	0	-1	0	0	0	0	0	0	0	0	0	0	0	-	0	-1	0
275	F	-1	0	-1	-1	-	-1	-1	0	-1	0	0	-1	-1	-1	-1	0	0	0	0	0
276	L	0	0	-1	0	1	-1	0	0	0	-	0	0	0	0	0	0	0	0	-1	0
277	L	0	0	-1	0	1	-1	0	0	0	-	0	0	0	0	0	0	0	0	-1	0
278	K	0	0	0	0	0	0	0	0	-	0	0	0	0	0	0	0	0	0	-1	0
279	Y	0	0	0	0	0	0	0	0	0	0	0	0	0	0	0	0	0	0	0	-
280	N	0	0	0	0	-1	0	0	0	0	0	0	-	0	0	0	0	0	0	-1	0
281	E	0	0	0	-	0	0	0	0	0	0	0	0	0	0	0	0	0	0	-1	0
282	N	0	0	0	0	-1	0	0	0	0	0	0	-	0	0	0	0	0	0	-1	0
283	G	0	0	0	0	-1	-	0	-1	0	-1	-1	0	-1	0	0	0	0	0	-1	-1
284	T	0	0	0	0	-1	0	0	0	0	0	0	0	0	0	0	0	-	0	-1	0
285	I	0	-1	-1	-1	0	-1	-1	-	-1	0	0	-1	-1	-1	-1	0	0	0	-1	-1
286	T	0	0	0	0	-1	0	0	0	0	0	0	0	0	0	0	0	-	0	-1	0
287	D	0	-1	-	0	-1	0	-1	-1	-1	-1	-1	0	-1	0	-1	0	-1	0	-1	0
288	A	-	0	0	0	-1	0	-1	0	0	0	0	0	-1	0	-1	0	0	0	-1	-1
289	V	0	0	0	0	0	-1	0	0	0	0	0	0	-1	0	0	0	-1	-	-1	0
290	D	0	-1	-	0	-1	0	0	-1	-1	-1	-1	0	-1	0	-1	0	-1	0	-1	0
291	C	0	-	-1	-1	-1	-1	0	-1	-1	-1	0	0	-1	-1	0	0	-1	0	1	0
292	A	-	0	0	0	-1	0	0	0	0	-1	0	0	-1	0	0	0	0	0	-1	0
293	L	0	0	-1	0	1	-1	0	0	0	-	0	-1	-1	0	0	0	0	0	-1	0
294	D	0	-1	-	0	-1	0	0	-1	0	0	-1	0	-1	0	0	0	0	0	-1	0
295	P	0	-1	0	0	0	0	-1	0	0	0	-1	0	-	0	0	0	0	0	-1	-1
296	L	0	0	-1	0	1	-1	0	0	0	-	0	-1	-1	0	0	0	0	0	-1	0
297	S	0	0	0	0	0	0	0	0	0	-1	0	0	-1	0	0	-	0	0	-1	0
298	E	0	0	0	-	-1	0	-1	-1	0	-1	-1	0	-1	0	0	0	0	0	-1	-1
299	T	0	0	0	0	-1	0	0	0	0	0	0	0	0	0	0	0	-	0	-1	0
300	K	0	0	-1	0	-1	-1	0	0	-	-1	0	0	-1	0	0	0	0	0	-1	-1
301	C	0	-	0	0	0	0	0	0	0	0	0	0	0	0	0	0	0	0	0	0
302	T	0	0	0	0	0	0	0	0	0	0	0	0	0	0	0	0	-	0	0	0
303	L	0	0	-1	-1	1	-1	0	0	-1	-	0	-1	-1	0	0	0	0	0	-1	0
304	K	0	0	0	0	-1	0	0	0	-	-1	0	0	0	0	0	0	0	-1	-1	0
305	S	0	0	0	0	0	0	0	0	0	0	0	0	-1	0	0	-	0	0	-1	0
306	F	0	0	0	0	-	0	0	0	0	0	0	0	0	0	0	1	0	0	0	0
307	T	0	0	0	0	0	-1	0	0	0	0	0	0	-1	0	0	0	-	0	-1	0
308	V	0	-1	-1	0	-1	-1	-1	0	-1	0	0	-1	-1	-1	-1	-1	-1	-	-1	-1
309	E	-1	-1	0	-	-1	-1	-1	-1	0	-1	-1	-1	-1	0	-1	-1	-1	0	-1	-1
310	K	0	-1	-1	0	-1	-1	-1	0	-	-1	-1	-1	-1	0	0	-1	0	-1	-1	-1
311	G	0	0	0	0	0	-	0	-1	0	0	-1	0	-1	0	0	0	-1	0	-1	-1
312	I	-1	-1	-1	0	-1	-1	-1	-	0	0	0	0	-1	-1	0	-1	-1	0	-1	-1
313	Y	-1	0	-1	-1	0	-1	-1	-1	-1	-1	-1	-1	-1	-1	-1	-1	-1	-1	-1	-
314	Q	0	0	0	0	0	0	0	0	0	0	0	0	-1	-	0	0	0	0	-1	0
315	T	0	0	0	0	0	0	0	0	0	0	0	0	0	0	0	0	-	0	-1	0
316	S	0	0	0	0	0	0	0	0	-1	0	0	0	-1	0	-1	-	0	0	-1	0
317	N	0	0	0	0	-1	0	0	0	0	0	0	-	-1	0	0	0	0	0	-1	0
318	F	-1	0	-1	-1	-	-1	-1	0	-1	0	0	-1	-1	-1	-1	-1	-1	0	0	0
319	R	0	0	-1	-1	0	-1	0	-1	0	0	0	0	-1	0	-	0	0	-1	-1	-1
320	V	0	-1	-1	-1	-1	-1	-1	0	-1	0	0	-1	-1	-1	-1	-1	-1	-	-1	-1
321	Q	0	-1	0	0	0	-1	0	-1	0	0	0	0	-1	-	0	0	0	0	-1	-1
322	P	0	-1	-1	-1	-1	-1	-1	-1	-1	0	-1	-1	-	0	0	0	-1	-1	-1	-1
323	T	0	-1	-1	-1	-1	-1	0	0	0	-1	0	0	-1	0	-1	0	-	0	-1	-1
324	E	0	-1	0	-	-1	0	-1	-1	0	-1	-1	0	-1	0	-1	0	0	0	-1	-1
325	S	0	0	0	0	0	0	0	0	-1	0	0	0	-1	-1	0	-	0	0	-1	0
326	I	-1	-1	-1	-1	0	-1	-1	-	-1	0	0	-1	-1	-1	-1	-1	0	0	-1	-1
327	V	0	-1	-1	-1	0	-1	-1	0	-1	0	0	-1	-1	-1	-1	-1	-1	-	-1	-1
328	R	0	0	-1	-1	0	0	0	-1	0	0	0	0	-1	0	-	0	0	0	-1	0
329	F	-1	0	-1	-1	-	-1	-1	0	-1	0	0	-1	-1	-1	-1	-1	-1	0	-1	0
330	P	0	-1	-1	-1	-1	-1	-1	-1	-1	0	-1	-1	-	0	0	0	-1	-1	-1	-1
331	N	0	-1	0	0	-1	0	0	0	0	-1	-1	-	-1	0	0	0	0	0	-1	-1
332	I	-1	-1	-1	-1	0	-1	-1	-	-1	0	0	-1	-1	-1	-1	-1	0	0	-1	-1
333	T	0	-1	-1	-1	-1	-1	0	0	0	0	0	0	-1	0	-1	0	-	0	-1	-1
334	N	0	-1	0	0	-1	0	0	0	0	-1	0	-	-1	0	0	0	0	0	-1	-1
335	L	-1	-1	-1	-1	1	-1	-1	0	-1	-	0	-1	-1	-1	-1	-1	-1	0	-1	-1
336	C	0	-	-1	-1	0	-1	-1	-1	-1	-1	-1	-1	-1	-1	-1	0	-1	-1	-1	-1
337	P	0	-1	-1	-1	-1	-1	-1	-1	-1	0	-1	-1	-	0	0	0	-1	-1	-1	-1
338	F	-1	0	-1	-1	-	-1	-1	0	-1	0	0	-1	-1	-1	-1	-1	-1	0	-1	0
339	G	0	0	0	-1	-1	-	-1	-1	-1	-1	-1	-1	-1	-1	-1	0	-1	0	-1	-1
340	E	0	-1	0	-	-1	0	-1	-1	0	-1	-1	0	-1	0	-1	0	-1	0	-1	-1
341	V	0	-1	-1	-1	-1	-1	-1	0	-1	0	0	-1	-1	-1	-1	-1	-1	-	-1	-1
342	F	-1	0	-1	-1	-	-1	-1	0	-1	0	0	-1	-1	-1	-1	1	-1	0	0	0
343	N	0	-1	0	0	-1	0	0	0	0	-1	0	-	-1	0	0	0	0	0	-1	0
344	A	-	0	0	0	-1	0	-1	0	-1	0	0	-1	-1	0	-1	0	0	0	-1	-1
345	T	0	0	-1	-1	-1	0	0	0	0	0	0	0	-1	0	-1	0	-	0	-1	-1
346	R	0	0	0	-1	-1	0	0	0	0	0	0	0	-1	0	-	0	0	0	-1	0
347	F	0	0	-1	-1	-	-1	-1	0	-1	0	0	-1	-1	-1	-1	0	0	0	0	0
348	A	-	0	0	0	0	0	0	0	-1	0	0	0	-1	0	-1	0	0	0	-1	-1
349	S	0	0	0	0	0	0	0	0	0	0	0	0	0	0	0	-	0	0	1	0
350	V	0	0	-1	0	0	-1	-1	0	-1	0	0	-1	-1	0	-1	-1	-1	-	-1	-1
351	Y	0	0	0	0	0	-1	0	0	0	0	0	0	-1	0	0	0	0	0	0	-
352	A	-	0	0	0	-1	0	0	0	0	0	0	0	-1	0	0	0	0	0	-1	-1
353	W	0	0	-1	0	0	0	0	0	-1	0	0	-1	-1	0	0	1	0	0	-	0
354	N	0	0	0	0	0	0	0	0	0	0	0	-	-1	0	0	0	0	0	-1	0
355	R	0	0	0	0	0	0	0	0	0	0	0	0	-1	0	-	0	0	0	-1	0
356	K	0	0	0	0	0	0	0	0	-	0	0	0	-1	0	0	0	0	0	-1	0
357	R	0	0	0	0	0	0	0	0	0	0	0	0	-1	0	-	0	0	0	-1	0
358	I	0	0	-1	-1	0	-1	-1	-	0	0	0	0	-1	0	0	0	0	0	-1	-1
359	S	0	0	0	0	0	0	0	0	0	0	0	0	-1	0	0	-	0	0	0	0
360	N	0	0	0	0	0	0	0	0	0	0	0	-	-1	0	0	0	0	0	-1	0
361	C	0	-	-1	-1	0	-1	0	0	-1	0	0	-1	-1	-1	-1	0	0	0	-1	0
362	V	0	0	-1	0	0	-1	-1	0	-1	0	0	-1	-1	0	0	-1	-1	-	-1	-1
363	A	-	0	0	0	0	0	0	0	0	0	0	0	-1	0	0	0	0	0	-1	-1
364	D	0	0	-	0	-1	0	0	0	0	0	-1	0	-1	0	0	0	0	0	-1	0
365	Y	0	0	0	0	0	0	0	0	0	0	0	0	-1	0	0	0	0	0	0	-
366	S	0	0	0	0	0	0	0	0	0	0	0	0	-1	0	0	-	0	0	1	0
367	V	0	0	-1	-1	0	-1	-1	0	-1	0	0	-1	-1	0	-1	-1	-1	-	-1	-1
368	L	0	-1	-1	-1	1	-1	-1	0	-1	-	0	-1	-1	0	0	-1	-1	0	-1	0
369	Y	0	0	0	0	0	-1	0	0	0	0	0	0	-1	0	0	0	0	0	0	-
370	N	0	-1	0	0	-1	0	0	0	0	-1	0	-	-1	0	0	0	0	0	-1	0
371	S	0	0	0	0	0	0	0	0	0	-1	0	0	-1	0	0	-	0	0	-1	0
372	A	-	0	0	0	-1	0	-1	0	-1	0	0	0	-1	0	-1	0	0	0	-1	-1
373	S	0	0	0	0	0	0	0	0	-1	-1	0	0	-1	0	-1	-	0	0	-1	0
374	F	-1	0	-1	-1	-	-1	-1	0	-1	0	0	-1	-1	-1	-1	-1	-1	0	0	0
375	S	0	0	0	-1	0	0	0	0	-1	-1	0	0	-1	-1	-1	-	0	0	-1	0
376	T	0	-1	-1	-1	-1	-1	-1	0	0	0	0	0	-1	-1	-1	0	-	0	-1	-1
377	F	-1	-1	-1	-1	-	-1	-1	0	-1	0	-1	-1	-1	-1	-1	-1	-1	-1	-1	0
378	K	0	-1	-1	0	-1	-1	-1	0	-	-1	0	0	-1	0	0	-1	0	-1	-1	-1
379	C	0	-	-1	-1	0	-1	-1	0	-1	0	-1	-1	-1	-1	-1	0	-1	-1	-1	-1
380	Y	-1	0	-1	-1	0	-1	0	-1	-1	-1	0	-1	-1	-1	-1	-1	-1	-1	-1	-
381	G	-1	0	0	-1	-1	-	-1	-1	-1	-1	-1	-1	-1	-1	-1	0	-1	0	-1	-1
382	V	0	-1	-1	-1	-1	-1	-1	0	-1	0	0	-1	-1	-1	-1	-1	-1	-	-1	-1
383	S	0	0	-1	-1	0	0	0	0	-1	0	0	0	-1	-1	-1	-	0	0	-1	0
384	P	0	-1	-1	-1	-1	-1	-1	-1	-1	0	-1	-1	-	0	0	0	-1	-1	-1	-1
385	T	0	0	-1	-1	-1	-1	0	0	0	0	0	0	-1	0	-1	0	-	0	-1	-1
386	K	0	-1	-1	0	-1	-1	-1	0	-	-1	0	0	-1	0	0	-1	0	0	-1	-1
387	L	0	0	-1	-1	1	-1	0	0	-1	-	0	-1	-1	0	0	-1	0	0	-1	0
388	N	0	0	0	0	-1	0	0	0	0	-1	0	-	-1	0	0	0	0	0	-1	0
389	D	0	0	-	0	-1	0	0	-1	0	-1	0	0	-1	0	-1	0	0	0	-1	0
390	L	0	0	-1	0	1	-1	0	0	-1	-	0	-1	-1	0	0	-1	0	0	-1	0
391	C	0	-	0	0	0	0	0	0	0	0	0	0	0	0	0	0	0	0	0	0
392	F	0	0	0	0	-	0	0	0	-1	0	0	0	0	0	0	0	0	0	0	0
393	T	0	0	0	0	0	0	0	0	0	0	0	0	0	0	0	0	-	0	-1	0
394	N	0	0	0	0	-1	0	0	0	0	0	0	-	0	0	0	0	0	0	-1	0
395	V	0	0	-1	0	0	-1	-1	0	-1	0	0	-1	-1	0	-1	-1	-1	-	-1	-1
396	Y	0	0	0	0	0	-1	0	0	0	0	0	0	-1	0	0	0	0	0	0	-
397	A	-	0	0	0	0	0	-1	0	-1	0	0	-1	-1	0	-1	0	0	0	-1	0
398	D	0	-1	-	0	-1	0	0	-1	0	-1	-1	0	-1	0	0	0	0	0	-1	0
399	S	0	0	0	0	0	0	0	0	-1	0	0	0	-1	0	0	-	0	0	-1	0
400	F	-1	0	-1	-1	-	-1	-1	0	-1	0	0	-1	-1	-1	-1	0	-1	0	0	0
401	V	0	0	-1	-1	0	-1	-1	0	-1	0	0	-1	-1	-1	-1	-1	-1	-	-1	-1
402	I	0	-1	-1	-1	0	-1	-1	-	-1	0	0	0	-1	-1	-1	-1	0	0	-1	-1
403	R	0	0	0	0	0	0	0	0	0	0	0	0	-1	0	-	0	0	0	-1	0
404	G	0	0	0	-1	-1	-	-1	-1	-1	-1	-1	-1	-1	-1	0	0	-1	0	-1	-1
405	D	0	-1	-	0	-1	0	0	-1	-1	-1	-1	0	-1	0	-1	0	0	0	-1	0
406	E	0	-1	0	-	-1	0	0	0	0	0	-1	0	-1	0	0	0	0	0	-1	-1
407	V	0	-1	-1	-1	0	-1	-1	0	-1	0	0	-1	-1	-1	-1	-1	-1	-	-1	-1
408	R	0	0	0	-1	-1	0	0	-1	0	0	-1	0	-1	0	-	0	0	-1	-1	-1
409	Q	0	-1	-1	0	0	-1	0	-1	0	0	0	0	-1	-	0	0	0	0	-1	0
410	I	-1	-1	-1	-1	0	-1	-1	-	-1	0	0	0	-1	-1	-1	-1	0	0	-1	-1
411	A	-	0	0	-1	-1	0	-1	0	-1	-1	0	-1	-1	0	-1	0	0	0	-1	-1
412	P	0	-1	-1	-1	-1	-1	-1	-1	-1	0	-1	-1	-	0	0	0	-1	-1	-1	-1
413	G	-1	0	0	-1	-1	-	-1	-1	-1	-1	-1	-1	-1	-1	0	0	-1	0	-1	-1
414	Q	0	0	0	0	0	0	0	0	0	0	0	0	-1	-	0	0	0	0	-1	0
415	T	0	0	-1	-1	-1	-1	-1	0	0	-1	0	0	-1	-1	-1	0	-	0	-1	-1
416	G	-1	-1	0	-1	-1	-	-1	-1	-1	-1	-1	-1	-1	-1	-1	0	-1	0	-1	-1
417	K	0	-1	-1	0	-1	-1	-1	0	-	-1	0	0	-1	0	0	-1	0	-1	-1	-1
418	I	-1	-1	-1	-1	0	-1	-1	-	-1	0	0	-1	-1	-1	-1	-1	0	0	-1	-1
419	A	-	0	-1	-1	-1	0	-1	-1	-1	-1	-1	-1	-1	-1	-1	0	0	0	-1	-1
420	D	0	-1	-	0	-1	0	-1	-1	-1	-1	-1	0	-1	-1	-1	-1	-1	0	-1	0
421	Y	-1	0	-1	-1	0	-1	0	-1	-1	-1	-1	-1	-1	-1	-1	-1	-1	-1	-1	-
422	N	0	-1	0	-1	-1	0	0	0	0	-1	-1	-	-1	0	-1	0	0	-1	-1	-1
423	Y	-1	0	-1	-1	0	-1	0	-1	-1	-1	-1	-1	-1	-1	-1	-1	-1	-1	-1	-
424	K	0	-1	-1	0	-1	-1	0	0	-	-1	0	0	-1	0	0	0	0	0	-1	-1
425	L	-1	-1	-1	-1	1	-1	-1	0	-1	-	0	-1	-1	-1	-1	-1	-1	0	-1	-1
426	P	0	-1	-1	-1	-1	-1	-1	-1	-1	0	-1	-1	-	0	0	0	0	-1	-1	-1
427	D	0	-1	-	0	-1	0	-1	-1	-1	-1	-1	0	-1	0	-1	0	-1	0	-1	0
428	D	0	-1	-	0	-1	0	-1	-1	-1	-1	-1	0	-1	0	-1	0	-1	0	-1	0
429	F	-1	0	-1	-1	-	-1	-1	0	-1	0	0	-1	-1	-1	-1	-1	-1	0	0	0
430	T	0	0	0	0	-1	0	0	0	0	0	0	0	0	0	0	0	-	0	-1	0
431	G	0	0	0	0	-1	-	0	-1	0	-1	-1	0	0	0	0	0	0	0	-1	0
432	C	0	-	-1	-1	0	-1	0	0	-1	0	0	0	-1	0	-1	0	0	0	1	0
433	V	0	0	0	0	0	-1	0	0	-1	0	0	-1	-1	0	0	-1	-1	-	-1	0
434	I	0	0	-1	0	0	0	0	-	0	0	0	0	-1	0	0	0	0	0	-1	0
435	A	-	0	0	0	0	0	0	0	0	0	0	0	-1	0	0	0	0	0	-1	0
436	W	0	0	0	0	0	0	0	0	0	0	0	0	0	0	0	0	0	0	-	0
437	N	0	0	0	-1	-1	0	0	0	0	-1	0	-	-1	0	-1	0	0	0	-1	0
438	S	0	0	0	0	0	0	0	0	-1	0	0	0	-1	0	0	-	0	0	-1	0
439	N	0	0	0	0	-1	0	0	0	0	0	0	-	-1	0	0	0	0	0	-1	0
440	N	0	0	0	0	-1	0	0	0	0	0	0	-	-1	0	0	0	0	0	-1	0
441	L	0	-1	-1	-1	1	-1	-1	0	-1	-	0	-1	-1	0	0	-1	-1	0	-1	0
442	D	0	-1	-	0	-1	0	-1	-1	0	-1	-1	0	-1	0	0	0	0	0	-1	0
443	S	0	0	0	0	0	0	0	0	0	-1	0	0	-1	0	0	-	0	0	-1	0
444	K	0	0	0	0	0	0	0	0	-	0	0	0	-1	0	0	0	0	0	-1	0
445	V	0	0	0	0	0	-1	0	0	0	0	0	0	-1	0	0	-1	0	-	-1	0
446	G	0	0	0	-1	-1	-	-1	-1	-1	-1	-1	-1	-1	-1	-1	0	-1	0	-1	-1
447	G	0	0	0	-1	-1	-	-1	-1	-1	-1	-1	-1	-1	-1	-1	0	-1	0	-1	-1
448	N	0	-1	0	-1	-1	-1	0	0	0	-1	0	-	-1	0	-1	0	0	0	-1	-1
449	Y	-1	0	-1	-1	0	-1	0	0	-1	-1	0	0	-1	-1	-1	0	-1	-1	0	-
450	N	0	-1	0	-1	-1	-1	0	0	0	-1	0	-	-1	0	-1	0	0	-1	-1	-1
451	Y	-1	0	-1	-1	0	-1	0	-1	-1	-1	-1	-1	-1	-1	-1	-1	-1	-1	-1	-
452	L	-1	-1	-1	-1	1	-1	-1	0	-1	-	0	-1	-1	-1	-1	-1	-1	0	-1	-1
453	Y	-1	0	-1	-1	0	-1	0	-1	-1	-1	0	-1	-1	-1	-1	-1	-1	-1	-1	-
454	R	0	0	-1	-1	-1	-1	0	-1	0	0	0	-1	-1	-1	-	0	-1	-1	-1	-1
455	L	-1	-1	-1	-1	1	-1	-1	0	-1	-	0	-1	-1	0	0	-1	-1	0	-1	-1
456	F	0	0	-1	0	-	-1	0	0	-1	0	0	0	-1	0	-1	1	0	0	-1	0
457	R	0	0	0	0	0	0	0	0	0	0	0	0	0	0	-	0	0	0	0	0
458	K	0	0	0	0	0	0	0	0	-	0	0	0	0	0	0	0	0	0	-1	0
459	S	0	0	0	0	0	0	0	0	0	0	0	0	0	0	0	-	0	0	1	0
460	N	0	0	0	0	0	0	0	0	0	0	0	-	0	0	0	0	0	0	-1	0
461	L	0	-1	-1	-1	0	-1	0	0	-1	-	0	-1	-1	0	0	-1	0	0	-1	0
462	K	0	0	-1	0	-1	-1	0	0	-	0	0	0	-1	0	0	0	0	0	-1	0
463	P	0	-1	-1	0	0	0	0	0	0	0	0	0	-	0	0	0	0	0	-1	-1
464	F	0	0	0	0	-	0	0	0	-1	0	0	0	0	0	0	0	0	0	0	0
465	E	0	0	0	-	0	0	0	0	0	0	0	0	-1	0	0	0	0	0	-1	-1
466	R	0	0	0	0	0	0	0	0	0	0	0	0	0	0	-	0	0	0	-1	0
467	D	0	-1	-	0	-1	0	0	-1	-1	-1	-1	0	0	0	-1	0	0	0	-1	0
468	I	-1	-1	-1	0	0	-1	-1	-	0	0	0	0	-1	0	0	-1	0	0	-1	-1
469	S	0	0	0	0	-1	0	0	0	-1	-1	0	0	-1	-1	-1	-	0	0	-1	0
470	T	0	-1	0	-1	-1	-1	0	0	0	0	0	0	-1	0	-1	0	-	0	-1	-1
471	E	0	-1	0	-	-1	0	-1	-1	0	-1	-1	0	-1	0	-1	0	0	0	-1	-1
472	I	-1	-1	-1	-1	0	-1	-1	-	-1	0	0	-1	-1	-1	-1	-1	0	0	-1	-1
473	Y	-1	0	-1	-1	0	-1	0	-1	-1	-1	-1	-1	-1	-1	-1	-1	-1	-1	-1	-
474	Q	0	-1	0	0	0	-1	0	-1	0	0	0	0	-1	-	0	0	0	0	-1	-1
475	A	-	0	-1	0	-1	0	-1	0	-1	-1	0	0	-1	0	-1	0	0	0	-1	-1
476	G	0	0	0	-1	-1	-	-1	-1	-1	-1	-1	-1	-1	0	-1	0	-1	0	-1	-1
477	S	0	0	0	0	-1	0	0	0	-1	0	0	0	-1	0	-1	-	0	0	-1	0
478	T	0	0	-1	-1	-1	-1	0	0	0	-1	0	0	-1	0	-1	0	-	0	-1	0
479	P	0	-1	-1	-1	-1	-1	-1	-1	-1	0	-1	-1	-	0	0	0	0	-1	-1	-1
480	C	0	-	-1	-1	0	-1	-1	-1	-1	-1	-1	-1	-1	-1	-1	0	-1	-1	-1	-1
481	N	0	-1	0	0	-1	0	0	0	0	-1	-1	-	-1	0	-1	0	0	-1	-1	-1
482	G	0	0	0	-1	-1	-	-1	-1	-1	-1	-1	-1	-1	-1	-1	0	-1	0	-1	-1
483	V	0	-1	-1	-1	-1	-1	-1	0	-1	0	0	-1	-1	-1	-1	-1	-1	-	-1	-1
484	E	0	-1	0	-	-1	0	-1	-1	0	-1	-1	0	-1	0	-1	0	-1	0	-1	-1
485	G	0	0	0	-1	-1	-	-1	-1	-1	-1	-1	-1	-1	-1	-1	0	-1	0	-1	-1
486	F	-1	0	-1	-1	-	-1	-1	0	-1	0	0	-1	-1	-1	-1	-1	-1	0	0	0
487	N	0	-1	0	0	-1	0	0	0	0	-1	0	-	-1	0	-1	0	0	0	-1	-1
488	C	0	-	-1	-1	0	-1	-1	0	-1	-1	0	-1	-1	-1	-1	0	-1	0	-1	-1
489	Y	0	0	-1	-1	0	-1	0	0	-1	-1	0	0	-1	-1	-1	0	-1	0	-1	-
490	F	-1	0	-1	-1	-	-1	-1	0	-1	0	0	-1	-1	-1	-1	-1	-1	0	-1	0
491	P	0	-1	-1	-1	-1	-1	-1	-1	-1	0	-1	-1	-	0	0	0	-1	-1	-1	-1
492	L	-1	-1	-1	-1	1	-1	-1	0	-1	-	0	-1	-1	-1	-1	-1	-1	0	-1	-1
493	Q	0	-1	0	0	0	-1	0	0	0	0	0	0	-1	-	0	0	0	0	-1	0
494	S	0	0	0	0	0	0	0	0	-1	-1	0	0	-1	-1	-1	-	0	0	-1	0
495	Y	0	0	-1	-1	0	-1	0	-1	-1	-1	0	0	-1	-1	-1	0	-1	0	-1	-
496	G	0	0	0	-1	-1	-	-1	-1	-1	-1	-1	-1	-1	-1	-1	0	-1	0	-1	-1
497	F	-1	-1	-1	-1	-	-1	-1	0	-1	0	0	-1	-1	-1	-1	-1	-1	0	-1	0
498	Q	0	-1	0	0	0	-1	0	0	0	0	0	0	-1	-	0	0	0	0	-1	0
499	P	0	-1	-1	-1	-1	-1	-1	-1	-1	0	-1	-1	-	0	0	0	-1	-1	-1	-1
500	T	0	-1	-1	-1	-1	-1	0	0	0	-1	0	0	-1	0	-1	0	-	0	-1	-1
501	N	0	-1	0	0	-1	0	0	0	0	0	-1	-	-1	0	-1	0	0	0	-1	-1
502	G	0	0	0	0	-1	-	-1	-1	0	-1	-1	0	-1	-1	0	0	0	0	-1	-1
503	V	0	-1	0	0	0	-1	0	0	-1	0	0	-1	-1	0	0	-1	-1	-	-1	-1
504	G	-1	-1	0	-1	-1	-	-1	-1	-1	-1	-1	-1	-1	-1	-1	0	-1	0	-1	-1
505	Y	0	0	0	-1	0	-1	0	0	0	-1	0	0	-1	-1	0	0	0	0	0	-
506	Q	0	0	0	0	0	0	0	0	0	0	0	0	-1	-	0	0	0	0	-1	0
507	P	0	-1	-1	-1	-1	0	0	-1	-1	0	-1	-1	-	0	0	0	0	-1	-1	-1
508	Y	0	0	0	0	0	-1	0	0	0	0	0	0	-1	0	0	0	0	0	0	-
509	R	0	0	0	0	0	0	0	0	0	0	0	0	-1	0	-	0	0	0	-1	0
510	V	0	0	-1	0	0	-1	0	0	-1	0	0	-1	-1	0	0	-1	-1	-	-1	0
511	V	0	0	-1	0	0	-1	-1	0	-1	0	0	-1	-1	0	0	-1	-1	-	-1	-1
512	V	0	0	-1	0	0	-1	-1	0	-1	0	0	-1	-1	0	0	-1	-1	-	-1	-1
513	L	0	0	0	0	0	-1	0	0	0	-	0	0	-1	0	0	0	0	0	0	0
514	S	0	0	0	0	0	0	0	0	0	0	0	0	0	0	0	-	0	0	1	0
515	F	0	0	-1	-1	-	-1	0	0	-1	0	0	-1	-1	0	-1	0	0	0	0	0
516	E	0	0	0	-	0	0	0	0	0	0	0	0	-1	0	0	0	0	0	-1	0
517	L	0	-1	-1	-1	0	-1	0	0	-1	-	0	-1	-1	0	0	-1	0	0	-1	0
518	L	0	-1	-1	-1	0	-1	0	0	-1	-	0	-1	-1	0	0	-1	0	0	-1	0
519	H	0	0	0	0	0	0	-	0	0	0	0	0	-1	0	0	0	0	0	0	0
520	A	-	0	0	0	0	0	0	0	0	0	0	0	-1	0	0	0	0	0	-1	-1
521	P	0	-1	-1	0	-1	0	0	-1	-1	0	-1	0	-	0	0	0	0	0	-1	-1
522	A	-	0	0	0	-1	0	-1	0	-1	0	0	-1	-1	0	-1	0	0	0	-1	-1
523	T	0	0	-1	-1	-1	-1	0	0	0	0	0	0	-1	0	0	0	-	0	-1	-1
524	V	0	-1	-1	-1	-1	-1	-1	0	-1	0	0	-1	-1	-1	-1	-1	-1	-	-1	-1
525	C	0	-	-1	-1	0	-1	-1	0	-1	-1	0	-1	-1	-1	-1	0	-1	-1	-1	-1
526	G	0	0	0	-1	-1	-	-1	-1	-1	-1	-1	-1	-1	-1	-1	0	-1	0	-1	-1
527	P	0	-1	-1	-1	-1	-1	-1	-1	-1	0	-1	-1	-	0	0	0	-1	-1	-1	-1
528	K	0	-1	-1	0	-1	-1	-1	0	-	-1	0	0	-1	0	0	-1	0	0	-1	-1
529	K	0	-1	-1	0	-1	-1	-1	0	-	-1	0	0	-1	0	0	-1	0	0	-1	-1
530	S	0	0	0	-1	0	0	-1	0	-1	-1	0	0	-1	-1	-1	-	0	0	-1	0
531	T	0	-1	-1	-1	-1	-1	-1	0	0	0	0	0	-1	-1	-1	0	-	0	-1	-1
532	N	-1	-1	0	-1	-1	-1	0	0	0	-1	-1	-	-1	-1	-1	0	-1	-1	-1	-1
533	L	0	0	-1	0	0	-1	0	0	0	-	0	-1	-1	0	0	-1	0	0	-1	0
534	V	0	-1	0	0	-1	-1	0	0	0	0	0	0	-1	0	0	-1	-1	-	-1	0
535	K	0	-1	-1	0	-1	-1	-1	0	-	-1	0	0	-1	0	0	-1	0	-1	-1	-1
536	N	-1	-1	0	-1	-1	-1	0	0	0	-1	0	-	-1	-1	-1	0	-1	-1	-1	-1
537	K	0	-1	-1	0	-1	-1	-1	0	-	-1	0	0	-1	0	0	-1	0	-1	-1	-1
538	C	0	-	-1	-1	0	-1	0	-1	0	-1	-1	0	-1	0	0	0	-1	-1	0	0
539	V	0	-1	0	0	-1	-1	0	0	0	0	0	-1	-1	-1	0	-1	-1	-	-1	-1
540	N	-1	-1	0	-1	-1	-1	0	0	0	-1	-1	-	-1	-1	-1	0	-1	-1	-1	-1
541	F	-1	-1	-1	-1	-	-1	-1	0	-1	0	0	-1	-1	-1	-1	-1	-1	0	-1	0
542	N	-1	-1	0	-1	-1	-1	-1	-1	0	-1	-1	-	-1	-1	-1	0	-1	-1	-1	-1
543	F	-1	0	-1	-1	-	-1	-1	0	-1	0	0	-1	-1	-1	-1	-1	-1	0	-1	0
544	N	0	-1	0	0	-1	-1	0	0	0	-1	-1	-	-1	0	-1	0	0	0	-1	-1
545	G	-1	0	0	-1	-1	-	-1	-1	-1	-1	-1	-1	-1	-1	-1	0	-1	0	-1	-1
546	L	0	0	-1	0	0	-1	0	0	0	-	0	-1	0	0	0	-1	0	0	-1	0
547	T	0	0	0	-1	0	-1	0	0	0	0	0	0	-1	0	-1	0	-	0	-1	0
548	G	-1	0	0	-1	-1	-	-1	-1	-1	-1	-1	-1	-1	-1	-1	0	-1	0	-1	-1
549	T	0	0	-1	-1	-1	-1	0	0	0	0	0	0	-1	0	-1	0	-	0	-1	-1
550	G	0	0	0	-1	-1	-	-1	-1	-1	-1	-1	-1	-1	-1	-1	0	-1	0	-1	-1
551	V	0	-1	-1	-1	-1	-1	-1	0	-1	0	0	-1	-1	-1	-1	-1	-1	-	-1	-1
552	L	-1	-1	-1	-1	1	-1	-1	0	-1	-	0	-1	-1	-1	-1	-1	-1	0	-1	-1
553	T	0	0	-1	-1	-1	-1	0	0	0	0	0	0	-1	0	-1	0	-	0	-1	-1
554	E	0	0	0	-	-1	0	-1	0	0	0	-1	0	-1	0	-1	0	0	0	-1	-1
555	S	0	0	0	0	-1	0	0	0	-1	-1	0	0	-1	-1	-1	-	0	0	-1	0
556	N	0	-1	0	0	-1	0	0	0	0	-1	0	-	-1	0	0	0	0	0	-1	-1
557	K	0	0	-1	0	-1	-1	-1	0	-	0	0	0	-1	0	0	0	0	0	-1	-1
558	K	0	0	0	0	0	0	0	0	-	0	0	0	0	0	0	0	0	0	-1	0
559	F	0	0	0	0	-	0	0	0	-1	0	0	0	0	0	0	0	0	0	0	0
560	L	0	0	0	0	1	-1	0	0	-1	-	0	0	0	0	0	0	0	0	-1	0
561	P	0	-1	0	0	0	0	0	0	0	0	0	0	-	0	0	0	0	0	-1	-1
562	F	0	0	-1	0	-	0	0	0	-1	0	0	0	0	0	-1	0	0	0	0	0
563	Q	0	0	0	0	0	0	0	0	0	0	0	0	0	-	0	0	0	0	0	0
564	Q	0	-1	0	0	0	0	0	0	0	0	0	0	-1	-	0	0	0	0	-1	0
565	F	-1	0	-1	-1	-	-1	-1	0	-1	0	0	-1	-1	-1	-1	-1	-1	0	0	0
566	G	0	0	0	-1	-1	-	-1	-1	-1	-1	-1	0	-1	0	0	0	-1	0	-1	-1
567	R	0	0	0	0	0	0	0	0	0	0	0	0	-1	0	-	0	0	0	-1	0
568	D	0	-1	-	0	-1	0	-1	-1	-1	-1	-1	0	-1	-1	-1	0	-1	0	-1	0
569	I	-1	-1	-1	-1	0	-1	-1	-	-1	0	0	-1	-1	-1	-1	-1	0	0	-1	-1
570	A	-	0	-1	-1	-1	0	-1	0	-1	-1	0	-1	-1	-1	-1	0	0	0	-1	-1
571	D	0	-1	-	0	-1	0	0	0	0	0	0	0	0	0	0	0	0	0	-1	0
572	T	0	0	0	0	-1	0	0	0	0	0	0	0	-1	0	0	0	-	0	-1	0
573	T	0	0	-1	-1	-1	-1	0	0	0	0	0	0	-1	0	-1	0	-	0	-1	0
574	D	0	-1	-	0	-1	0	-1	-1	-1	-1	-1	0	-1	-1	-1	-1	-1	0	-1	0
575	A	-	0	0	0	-1	0	-1	0	0	0	0	-1	-1	-1	-1	0	0	0	-1	-1
576	V	0	-1	-1	-1	0	-1	-1	0	-1	0	0	-1	-1	-1	-1	-1	-1	-	-1	-1
577	R	-1	0	-1	-1	-1	-1	0	-1	0	-1	-1	-1	-1	-1	-	-1	-1	-1	-1	-1
578	D	-1	-1	-	0	-1	0	-1	-1	-1	-1	-1	0	-1	-1	-1	-1	-1	0	-1	-1
579	P	0	-1	-1	-1	-1	-1	-1	-1	-1	0	-1	-1	-	0	-1	0	-1	-1	-1	-1
580	Q	0	-1	-1	0	0	-1	-1	-1	0	0	-1	-1	-1	-	0	-1	-1	0	-1	-1
581	T	0	-1	-1	-1	-1	-1	0	0	0	-1	0	0	-1	0	-1	0	-	0	-1	-1
582	L	-1	-1	-1	-1	0	-1	-1	0	-1	-	0	-1	-1	-1	-1	-1	-1	0	-1	-1
583	E	0	-1	0	-	-1	0	-1	-1	0	-1	-1	0	-1	0	0	0	0	0	-1	-1
584	I	0	0	-1	-1	0	-1	-1	-	-1	0	0	0	-1	-1	-1	0	0	0	-1	-1
585	L	0	-1	-1	-1	0	-1	-1	0	-1	-	0	-1	-1	0	0	-1	0	0	-1	0
586	D	0	-1	-	0	-1	0	-1	-1	0	-1	-1	0	0	0	0	0	0	0	-1	0
587	I	0	0	-1	-1	0	-1	0	-	0	0	0	0	-1	0	0	0	0	0	-1	0
588	T	0	0	0	-1	-1	0	0	0	0	0	0	0	0	0	0	0	-	0	-1	0
589	P	0	-1	0	0	-1	0	0	0	0	0	-1	0	-	0	0	0	0	0	-1	-1
590	C	0	-	0	0	0	0	0	0	-1	0	0	0	-1	0	0	0	0	0	-1	0
591	S	0	0	-1	-1	-1	0	-1	0	-1	-1	0	0	-1	-1	-1	-	0	-1	-1	0
592	F	-1	-1	-1	-1	-	-1	-1	-1	-1	0	-1	-1	-1	-1	-1	-1	-1	-1	-1	0
593	G	-1	-1	-1	-1	-1	-	-1	-1	-1	-1	-1	-1	-1	-1	-1	-1	-1	0	-1	-1
594	G	-1	-1	-1	-1	-1	-	-1	-1	-1	-1	-1	-1	-1	-1	-1	-1	-1	0	-1	-1
595	V	0	-1	-1	-1	-1	-1	-1	0	-1	-1	-1	-1	-1	-1	-1	-1	-1	-	-1	-1
596	S	0	0	-1	-1	-1	0	-1	-1	-1	-1	-1	0	-1	-1	-1	-	0	-1	-1	-1
597	V	0	-1	-1	-1	-1	-1	-1	0	-1	-1	-1	-1	-1	-1	-1	-1	-1	-	-1	-1
598	I	-1	-1	-1	-1	-1	-1	-1	-	-1	0	-1	-1	-1	-1	-1	-1	-1	0	-1	-1
599	T	0	-1	-1	-1	-1	-1	-1	0	-1	-1	-1	-1	-1	-1	-1	0	-	0	-1	-1
600	P	0	-1	-1	-1	-1	-1	-1	-1	-1	0	-1	-1	-	0	0	-1	-1	-1	-1	-1
601	G	0	0	0	0	-1	-	-1	-1	-1	-1	-1	-1	-1	-1	0	0	-1	0	-1	-1
602	T	0	0	0	-1	-1	0	0	0	0	-1	0	0	-1	0	0	0	-	0	-1	0
603	N	0	0	0	0	-1	0	0	0	0	0	0	-	-1	0	0	0	0	0	-1	0
604	T	0	0	0	0	0	0	0	0	0	0	0	0	0	0	0	0	-	0	-1	0
605	S	0	0	0	0	0	0	0	0	0	0	0	0	0	0	0	-	0	0	0	0
606	N	0	0	0	0	0	0	0	0	0	0	0	-	-1	0	0	0	0	0	-1	0
607	Q	0	-1	-1	0	0	-1	0	0	0	0	0	-1	-1	-	0	0	0	0	-1	-1
608	V	0	-1	-1	-1	-1	-1	-1	0	-1	-1	0	-1	-1	-1	-1	-1	-1	-	-1	-1
609	A	-	-1	-1	-1	-1	-1	-1	-1	-1	-1	-1	-1	-1	-1	-1	0	0	0	-1	-1
610	V	0	-1	-1	-1	-1	-1	-1	0	-1	0	0	-1	-1	-1	-1	-1	-1	-	-1	-1
611	L	-1	0	-1	-1	1	-1	-1	0	-1	-	0	-1	-1	0	-1	-1	-1	0	-1	-1
612	Y	0	0	0	0	0	-1	0	0	0	0	0	0	-1	0	0	0	0	0	0	-
613	Q	0	0	0	0	0	0	0	0	0	0	0	0	0	-	0	0	0	0	-1	0
614	D	0	0	-	0	-1	0	0	0	-1	-1	-1	0	-1	0	0	0	0	0	-1	0
615	V	0	0	-1	0	0	-1	-1	0	-1	0	0	-1	-1	0	0	-1	0	-	-1	0
616	N	0	0	0	0	-1	0	0	0	0	0	0	-	0	0	0	0	0	0	-1	0
617	C	0	-	-1	-1	0	-1	0	0	-1	0	0	-1	-1	-1	-1	0	0	0	-1	0
618	T	0	0	0	0	0	0	0	0	0	0	0	0	0	0	0	0	-	0	0	0
619	E	0	0	0	-	-1	0	0	0	0	0	-1	0	0	0	0	0	0	0	-1	-1
620	V	0	0	0	0	0	0	0	0	0	0	0	0	0	0	0	0	0	-	-1	0
621	P	0	-1	0	0	0	0	0	0	0	0	0	0	-	0	0	0	0	0	-1	-1
622	V	0	0	0	0	0	-1	0	0	-1	0	0	-1	-1	0	0	-1	-1	-	-1	0
623	A	-	0	-1	-1	-1	0	-1	0	-1	-1	0	-1	-1	-1	-1	0	0	0	-1	-1
624	I	-1	-1	-1	-1	0	-1	-1	-	-1	0	0	-1	-1	-1	-1	-1	0	0	-1	-1
625	H	0	-1	0	-1	0	0	-	0	-1	0	0	0	-1	0	0	0	0	0	-1	0
626	A	-	0	-1	-1	-1	0	-1	0	-1	0	0	-1	-1	-1	-1	0	0	0	-1	-1
627	D	-1	-1	-	0	-1	0	-1	-1	-1	-1	-1	0	-1	-1	-1	-1	-1	0	-1	-1
628	Q	0	-1	-1	0	-1	-1	0	-1	0	0	-1	-1	-1	-	0	0	0	-1	-1	-1
629	L	-1	-1	-1	-1	-1	-1	-1	-1	-1	-	0	-1	-1	-1	-1	-1	-1	-1	-1	-1
630	T	0	0	-1	-1	-1	-1	0	0	0	-1	0	0	-1	0	-1	0	-	0	-1	-1
631	P	0	-1	-1	-1	-1	-1	-1	-1	-1	0	-1	-1	-	0	0	0	0	-1	-1	-1
632	T	0	-1	-1	-1	-1	-1	0	0	0	-1	0	0	-1	0	-1	0	-	0	-1	-1
633	W	0	0	-1	-1	0	-1	0	0	-1	0	0	-1	-1	-1	-1	1	0	0	-	0
634	R	-1	0	-1	-1	-1	-1	-1	-1	0	-1	-1	-1	-1	-1	-	-1	-1	-1	-1	-1
635	V	0	-1	-1	-1	-1	-1	-1	0	-1	0	0	-1	-1	-1	-1	-1	-1	-	-1	-1
636	Y	-1	0	-1	-1	0	-1	-1	-1	-1	-1	-1	-1	-1	-1	-1	-1	-1	-1	-1	-
637	S	0	0	-1	-1	-1	0	-1	0	-1	-1	0	0	-1	-1	-1	-	0	0	-1	0
638	T	0	-1	-1	-1	-1	-1	-1	0	-1	-1	0	-1	-1	-1	-1	0	-	0	-1	-1
639	G	-1	-1	-1	-1	-1	-	-1	-1	-1	-1	-1	-1	-1	-1	-1	-1	-1	0	-1	-1
640	S	0	0	-1	-1	-1	0	-1	-1	-1	-1	-1	0	-1	-1	-1	-	0	-1	-1	-1
641	N	-1	-1	0	-1	-1	-1	-1	0	0	-1	-1	-	-1	-1	-1	0	-1	-1	-1	-1
642	V	0	-1	-1	-1	0	-1	-1	0	-1	0	0	-1	-1	0	-1	-1	-1	-	-1	-1
643	F	-1	0	-1	-1	-	-1	-1	0	-1	0	0	-1	-1	-1	-1	-1	-1	0	0	0
644	Q	0	0	0	0	0	0	0	0	0	0	0	0	-1	-	0	0	0	0	-1	0
645	T	0	0	0	0	-1	0	0	0	0	0	0	0	0	0	0	0	-	0	-1	0
646	R	0	0	0	0	0	0	0	0	0	0	0	0	-1	0	-	0	0	0	-1	0
647	A	-	0	0	0	0	0	-1	0	-1	0	0	0	-1	0	-1	0	0	0	-1	-1
648	G	0	0	0	0	-1	-	0	-1	0	-1	-1	0	-1	0	0	0	0	0	-1	-1
649	C	0	-	-1	-1	0	-1	-1	0	-1	0	0	-1	-1	-1	-1	0	-1	0	-1	0
650	L	0	-1	-1	-1	1	-1	-1	0	-1	-	0	-1	-1	-1	-1	-1	-1	0	-1	0
651	I	0	0	-1	-1	0	-1	-1	-	-1	0	0	0	-1	-1	-1	0	0	0	-1	-1
652	G	0	0	0	0	0	-	0	-1	0	-1	-1	0	-1	0	0	0	0	0	-1	-1
653	A	-	0	0	0	0	0	-1	0	-1	0	0	0	-1	0	0	0	0	0	-1	-1
654	E	0	-1	0	-	-1	0	0	0	0	0	-1	0	-1	0	0	0	0	0	-1	-1
655	H	0	0	0	-1	0	0	-	0	-1	0	0	0	-1	0	0	0	0	0	-1	0
656	V	0	-1	-1	-1	0	-1	-1	0	-1	0	0	-1	-1	-1	-1	-1	-1	-	-1	-1
657	N	0	-1	0	-1	-1	-1	0	0	0	-1	0	-	-1	0	0	0	0	0	-1	-1
658	N	0	-1	0	-1	-1	-1	0	0	0	-1	0	-	-1	0	0	0	0	0	-1	-1
659	S	0	0	0	0	-1	0	0	0	-1	-1	0	0	-1	0	-1	-	0	0	-1	0
660	Y	0	0	0	0	0	-1	0	0	0	0	0	0	-1	0	0	0	0	0	-1	-
661	E	0	-1	0	-	-1	0	0	-1	0	-1	-1	0	-1	0	0	0	0	0	-1	-1
662	C	0	-	-1	-1	0	-1	-1	0	-1	0	0	-1	-1	-1	-1	0	-1	-1	-1	-1
663	D	0	-1	-	0	-1	0	-1	-1	-1	-1	-1	0	-1	-1	-1	-1	-1	0	-1	0
664	I	0	-1	-1	-1	0	-1	-1	-	-1	0	0	0	-1	-1	-1	0	0	0	-1	-1
665	P	0	-1	-1	-1	-1	-1	-1	-1	-1	0	-1	-1	-	0	0	0	-1	-1	-1	-1
666	I	-1	-1	-1	-1	0	-1	-1	-	-1	0	0	0	-1	-1	-1	0	0	0	-1	-1
667	G	0	0	0	-1	-1	-	-1	-1	-1	-1	-1	-1	-1	0	0	0	-1	0	-1	-1
668	A	-	0	0	0	-1	0	-1	0	-1	-1	0	-1	-1	0	-1	0	0	0	-1	-1
669	G	0	0	0	0	-1	-	-1	-1	-1	-1	-1	-1	-1	0	0	0	-1	0	-1	-1
670	I	-1	-1	-1	-1	0	-1	-1	-	-1	0	0	0	-1	-1	-1	-1	0	0	-1	-1
671	C	0	-	-1	-1	0	-1	-1	-1	-1	-1	-1	-1	-1	-1	-1	0	-1	-1	-1	-1
672	A	-	0	-1	-1	-1	0	-1	-1	-1	-1	-1	-1	-1	-1	-1	0	0	0	-1	-1
673	S	0	0	0	-1	-1	0	0	0	-1	-1	0	0	-1	-1	-1	-	0	-1	-1	0
674	Y	-1	0	-1	-1	0	-1	0	-1	-1	-1	-1	-1	-1	-1	-1	-1	-1	-1	-1	-
675	Q	0	-1	0	0	-1	-1	0	-1	0	0	-1	0	-1	-	0	0	0	-1	-1	-1
676	T	0	-1	-1	-1	-1	-1	-1	0	-1	-1	0	0	-1	-1	-1	0	-	0	-1	-1
677	Q	0	0	0	0	0	0	0	0	0	0	0	0	-1	-	0	0	0	0	-1	0
678	T	0	-1	-1	-1	-1	-1	0	0	0	0	0	0	-1	0	-1	0	-	0	-1	-1
679	N	0	-1	0	0	-1	-1	0	0	0	0	0	-	-1	0	0	0	0	0	-1	0
680	S	0	0	0	0	0	0	0	0	-1	0	0	0	-1	0	0	-	0	0	-1	0
681	P	0	-1	-1	-1	-1	-1	-1	-1	-1	0	-1	-1	-	0	0	0	-1	-1	-1	-1
682	R	0	0	0	0	0	0	0	0	0	0	0	0	-1	0	-	0	0	0	-1	0
683	R	0	0	0	0	0	0	0	0	0	0	0	0	-1	0	-	0	0	0	-1	0
684	A	-	0	0	0	0	0	0	0	-1	-1	0	0	-1	0	0	0	0	0	-1	0
685	R	0	0	0	0	0	0	0	0	0	0	0	0	-1	0	-	0	0	0	-1	0
686	S	0	0	0	0	0	0	0	0	-1	0	0	0	-1	0	0	-	0	0	-1	0
687	V	0	-1	0	0	0	-1	0	0	0	0	0	0	0	0	0	-1	-1	-	-1	0
688	A	-	0	-1	-1	-1	0	-1	0	-1	-1	0	-1	-1	0	-1	0	0	0	-1	-1
689	S	0	0	0	0	-1	0	0	0	-1	-1	0	0	-1	0	-1	-	0	0	-1	0
690	Q	0	0	0	0	0	0	0	0	0	0	0	0	-1	-	0	0	0	0	-1	0
691	S	0	0	0	0	0	0	0	0	-1	-1	0	0	-1	0	0	-	0	0	-1	0
692	I	0	-1	-1	-1	0	-1	-1	-	-1	0	0	0	-1	-1	-1	0	0	0	-1	-1
693	I	0	0	-1	-1	0	-1	-1	-	-1	0	0	0	-1	-1	-1	0	0	0	-1	-1
694	A	-	0	0	0	0	0	0	0	0	0	0	0	-1	0	0	0	0	0	-1	-1
695	Y	0	0	0	0	0	-1	0	0	0	0	0	0	-1	0	0	0	0	0	0	-
696	T	0	0	0	0	-1	0	0	0	0	0	0	0	0	0	0	0	-	0	-1	0
697	M	0	0	-1	-1	0	-1	-1	0	-1	0	-	-1	-1	-1	-1	-1	0	0	-1	-1
698	S	0	0	0	0	0	0	0	0	0	0	0	0	-1	0	0	-	0	0	-1	0
699	L	0	-1	-1	-1	1	-1	0	0	-1	-	0	-1	-1	0	0	-1	-1	0	-1	0
700	G	0	0	0	0	-1	-	0	-1	0	-1	-1	0	-1	0	0	0	0	0	-1	-1
701	A	-	0	0	0	-1	0	-1	0	-1	0	0	0	-1	0	-1	0	0	0	-1	-1
702	E	0	-1	0	-	-1	0	-1	-1	0	-1	-1	0	-1	0	0	0	-1	0	-1	-1
703	N	0	-1	0	0	-1	0	0	0	0	-1	0	-	-1	0	0	0	0	0	-1	-1
704	S	0	0	0	0	-1	0	0	0	-1	-1	0	0	-1	-1	-1	-	0	0	-1	0
705	V	0	-1	-1	-1	0	-1	-1	0	-1	0	0	-1	-1	-1	-1	-1	-1	-	-1	-1
706	A	-	0	0	-1	-1	0	-1	0	-1	0	0	-1	-1	0	-1	0	0	0	-1	-1
707	Y	-1	0	-1	-1	0	-1	0	0	-1	0	0	0	-1	-1	0	0	-1	0	-1	-
708	S	0	0	0	0	-1	0	0	0	-1	-1	0	0	-1	0	-1	-	0	0	-1	0
709	N	0	-1	0	0	-1	-1	0	0	0	-1	0	-	-1	0	0	0	0	0	-1	-1
710	N	0	-1	0	0	-1	-1	0	0	0	-1	0	-	-1	0	0	0	0	0	-1	-1
711	S	0	0	0	0	-1	0	0	0	-1	-1	0	0	-1	0	0	-	0	0	-1	0
712	I	0	-1	-1	-1	0	-1	-1	-	-1	0	0	0	-1	-1	-1	0	0	0	-1	-1
713	A	-	-1	-1	-1	-1	0	-1	-1	-1	-1	-1	-1	-1	-1	-1	0	0	0	-1	-1
714	I	-1	-1	-1	-1	-1	-1	-1	-	-1	0	-1	-1	-1	-1	-1	-1	-1	0	-1	-1
715	P	0	-1	-1	-1	-1	-1	-1	-1	-1	-1	-1	-1	-	0	0	0	-1	-1	-1	-1
716	T	0	-1	-1	-1	-1	-1	-1	0	-1	-1	0	-1	-1	-1	-1	0	-	0	-1	-1
717	N	-1	-1	0	-1	-1	-1	-1	-1	0	-1	-1	-	-1	-1	-1	0	-1	-1	-1	-1
718	F	-1	-1	-1	-1	-	-1	-1	-1	-1	0	-1	-1	-1	-1	-1	-1	-1	-1	-1	0
719	T	0	-1	-1	-1	-1	-1	-1	0	-1	-1	0	-1	-1	-1	-1	0	-	0	-1	-1
720	I	-1	-1	-1	-1	-1	-1	-1	-	-1	0	-1	-1	-1	-1	-1	-1	-1	0	-1	-1
721	S	0	0	-1	-1	-1	0	-1	-1	-1	-1	-1	0	-1	-1	-1	-	0	-1	-1	-1
722	V	0	-1	-1	-1	-1	-1	-1	0	-1	0	-1	-1	-1	-1	-1	-1	-1	-	-1	-1
723	T	0	0	0	0	0	0	0	0	0	0	0	0	0	0	0	0	-	0	-1	0
724	T	0	0	0	0	0	0	0	0	0	0	0	0	-1	0	0	0	-	0	-1	0
725	E	0	0	0	-	0	0	0	0	0	0	0	0	0	0	0	0	0	0	-1	-1
726	I	0	0	-1	0	0	-1	-1	-	0	0	0	0	-1	0	0	0	0	0	-1	0
727	L	0	0	0	0	1	0	0	0	0	-	0	0	0	0	0	0	0	0	0	0
728	P	0	0	0	0	0	0	0	0	0	0	0	0	-	0	0	0	0	0	-1	-1
729	V	0	0	0	0	0	0	0	0	-1	0	0	-1	-1	0	0	0	0	-	-1	0
730	S	0	0	0	0	0	0	0	0	0	0	0	0	-1	0	0	-	0	0	1	0
731	M	-1	-1	-1	-1	-1	-1	-1	0	-1	0	-	-1	-1	-1	-1	-1	-1	0	-1	-1
732	T	0	-1	-1	-1	-1	-1	-1	0	-1	-1	0	-1	-1	-1	-1	0	-	0	-1	-1
733	K	0	-1	-1	0	-1	-1	-1	0	-	-1	-1	-1	-1	0	0	-1	0	-1	-1	-1
734	T	0	-1	-1	-1	-1	-1	-1	0	-1	-1	0	-1	-1	-1	-1	0	-	0	-1	-1
735	S	0	0	-1	-1	-1	0	-1	-1	-1	-1	0	0	-1	-1	-1	-	0	-1	-1	-1
736	V	0	-1	-1	-1	-1	-1	-1	0	-1	-1	-1	-1	-1	-1	-1	-1	-1	-	-1	-1
737	D	-1	-1	-	0	-1	0	-1	-1	-1	-1	-1	0	-1	-1	-1	-1	-1	0	-1	-1
738	C	-1	-	-1	-1	-1	-1	-1	-1	-1	-1	-1	-1	-1	-1	-1	-1	-1	-1	-1	0
739	T	0	-1	-1	-1	-1	-1	-1	0	-1	-1	0	-1	-1	-1	-1	0	-	0	-1	-1
740	M	-1	-1	-1	-1	-1	-1	-1	0	-1	0	-	-1	-1	-1	-1	-1	-1	0	-1	-1
741	Y	-1	0	-1	-1	0	-1	-1	-1	-1	-1	-1	-1	-1	-1	-1	-1	-1	-1	-1	-
742	I	-1	-1	-1	-1	0	-1	-1	-	-1	0	-1	0	-1	-1	-1	-1	-1	0	-1	-1
743	C	0	-	0	-1	0	-1	0	0	-1	0	0	0	-1	-1	0	0	-1	0	1	0
744	G	0	0	0	0	0	-	0	-1	0	-1	-1	0	-1	0	0	0	0	0	-1	-1
745	D	0	-1	-	0	-1	0	0	-1	0	0	-1	0	-1	0	0	0	0	0	-1	0
746	S	0	0	0	0	0	0	0	0	0	0	0	0	-1	0	0	-	0	0	-1	0
747	T	0	0	0	0	0	0	0	0	0	0	0	0	-1	0	0	0	-	0	-1	0
748	E	0	-1	0	-	0	0	0	0	0	0	0	0	-1	0	0	0	0	0	-1	-1
749	C	0	-	-1	-1	0	-1	0	0	-1	0	0	-1	-1	-1	-1	0	-1	0	0	0
750	S	0	0	0	0	0	0	0	0	0	0	0	0	-1	0	0	-	0	0	1	0
751	N	0	0	0	0	-1	0	0	0	0	0	0	-	-1	0	0	0	0	0	-1	0
752	L	-1	-1	-1	-1	1	-1	-1	0	-1	-	0	-1	-1	-1	-1	-1	-1	0	-1	-1
753	L	0	0	-1	0	0	-1	0	0	0	-	0	-1	0	0	0	-1	0	0	-1	1
754	L	1	0	-1	1	0	-1	0	0	0	-	0	-1	0	1	0	-1	0	0	-1	0
755	Q	0	0	0	0	0	0	0	0	0	0	0	0	-1	-	0	0	0	0	-1	0
756	Y	-1	0	0	-1	0	-1	0	-1	-1	-1	0	-1	-1	-1	-1	0	0	-1	0	-
757	G	-1	-1	-1	-1	-1	-	-1	-1	-1	-1	-1	-1	-1	-1	-1	-1	-1	0	-1	-1
758	S	0	0	-1	-1	-1	0	-1	-1	-1	-1	0	0	-1	-1	-1	-	0	-1	-1	-1
759	F	-1	-1	-1	-1	-	-1	-1	-1	-1	0	-1	-1	-1	-1	-1	-1	-1	-1	-1	0
760	C	0	-	-1	-1	-1	-1	-1	-1	-1	-1	-1	-1	-1	-1	-1	0	-1	-1	-1	-1
761	T	0	-1	-1	-1	-1	-1	-1	0	0	-1	0	0	-1	-1	-1	0	-	0	-1	-1
762	Q	0	-1	0	0	0	-1	0	-1	0	0	-1	0	-1	-	0	0	0	-1	-1	-1
763	L	-1	-1	-1	-1	1	-1	-1	-1	-1	-	0	-1	-1	-1	-1	-1	-1	0	-1	-1
764	N	0	0	0	0	0	0	0	0	0	0	0	-	-1	0	0	0	0	0	-1	0
765	R	0	0	0	0	0	0	0	0	0	0	0	0	0	0	-	0	0	0	-1	0
766	A	-	0	0	0	0	0	-1	0	-1	0	0	0	-1	0	-1	0	0	0	-1	0
767	L	-1	-1	-1	-1	1	-1	-1	0	-1	-	0	-1	-1	-1	-1	-1	-1	0	-1	-1
768	T	0	0	0	0	0	0	0	0	0	0	0	0	0	0	0	0	-	0	0	0
769	G	0	0	0	0	0	-	-1	-1	0	-1	-1	0	-1	0	0	0	0	0	-1	-1
770	I	0	-1	-1	0	0	-1	-1	-	0	0	0	0	-1	-1	0	-1	0	0	-1	-1
771	A	-	0	0	0	0	0	0	0	-1	0	0	0	-1	0	0	0	0	0	-1	0
772	V	0	-1	-1	-1	0	-1	-1	0	-1	0	0	-1	-1	-1	-1	-1	-1	-	-1	-1
773	E	0	0	0	-	0	0	0	0	0	0	-1	0	-1	0	0	0	0	0	-1	-1
774	Q	0	0	0	0	0	0	0	0	0	0	0	0	0	-	0	0	0	0	-1	0
775	D	0	-1	-	0	-1	0	-1	-1	-1	-1	-1	0	-1	0	-1	0	0	0	-1	0
776	K	0	0	0	0	0	0	0	0	-	0	0	0	-1	0	0	0	0	0	-1	0
777	N	0	0	0	0	-1	0	0	0	0	0	0	-	-1	0	0	0	0	0	-1	0
778	T	0	0	0	0	-1	0	0	0	0	0	0	0	-1	0	0	0	-	0	-1	0
779	Q	0	0	0	0	0	0	0	0	0	0	0	0	-1	-	0	0	0	0	-1	0
780	E	0	-1	0	-	-1	0	0	0	0	0	-1	0	-1	0	0	0	0	0	-1	-1
781	V	0	0	-1	-1	0	-1	-1	0	-1	0	0	-1	-1	-1	-1	-1	-1	-	-1	-1
782	F	-1	0	-1	-1	-	-1	-1	0	-1	0	-1	-1	-1	-1	-1	-1	-1	0	-1	0
783	A	-	0	-1	-1	-1	0	-1	0	-1	-1	-1	-1	-1	-1	-1	0	0	0	-1	-1
784	Q	0	-1	0	0	0	-1	0	0	0	0	0	0	-1	-	0	0	0	0	-1	0
785	V	0	-1	0	0	0	-1	-1	0	0	0	0	0	-1	0	0	-1	0	-	-1	0
786	K	0	-1	-1	0	-1	-1	-1	0	-	-1	0	0	-1	0	0	0	0	-1	-1	-1
787	Q	0	-1	0	0	0	-1	0	-1	0	0	0	0	-1	-	0	0	0	0	-1	-1
788	I	-1	-1	-1	-1	0	-1	-1	-	-1	0	0	-1	-1	-1	-1	-1	0	0	-1	-1
789	Y	-1	0	-1	-1	0	-1	0	-1	-1	-1	0	-1	-1	-1	-1	-1	-1	-1	-1	-
790	K	0	-1	-1	0	-1	-1	0	0	-	-1	0	0	-1	0	0	0	0	0	-1	-1
791	T	0	-1	-1	-1	-1	-1	-1	0	-1	-1	0	0	-1	-1	-1	0	-	0	-1	-1
792	P	0	-1	-1	-1	-1	-1	-1	-1	-1	0	-1	-1	-	0	0	0	-1	-1	-1	-1
793	P	0	-1	-1	-1	-1	-1	-1	-1	-1	0	-1	-1	-	0	0	0	-1	-1	-1	-1
794	I	-1	-1	-1	-1	0	-1	-1	-	-1	0	0	-1	-1	-1	-1	-1	0	0	-1	-1
795	K	-1	-1	-1	0	-1	-1	-1	0	-	-1	-1	0	-1	0	0	-1	-1	-1	-1	-1
796	D	0	-1	-	0	-1	0	-1	-1	-1	-1	-1	0	-1	-1	-1	-1	-1	0	-1	0
797	F	-1	0	-1	-1	-	-1	-1	0	-1	0	0	-1	-1	-1	-1	-1	-1	0	-1	0
798	G	0	-1	0	-1	-1	-	-1	-1	-1	-1	-1	-1	-1	-1	-1	0	-1	0	-1	-1
799	G	0	-1	0	-1	-1	-	-1	-1	-1	-1	-1	-1	-1	-1	-1	0	-1	0	-1	-1
800	F	-1	0	-1	-1	-	-1	-1	0	-1	0	0	-1	-1	-1	-1	-1	-1	0	-1	0
801	N	0	-1	0	-1	-1	0	0	0	0	-1	-1	-	-1	0	-1	0	0	-1	-1	-1
802	F	-1	0	-1	-1	-	-1	-1	0	-1	0	0	-1	-1	-1	-1	-1	-1	0	-1	0
803	S	0	0	0	0	-1	0	0	-1	-1	-1	0	0	-1	-1	-1	-	0	-1	-1	0
804	Q	0	0	0	0	0	0	0	0	0	0	0	0	-1	-	0	0	0	0	-1	-1
805	I	-1	-1	-1	-1	0	-1	-1	-	-1	0	0	0	-1	-1	-1	0	0	0	-1	-1
806	L	-1	-1	-1	-1	1	-1	-1	0	-1	-	0	-1	-1	-1	-1	-1	-1	0	-1	-1
807	P	0	-1	-1	-1	-1	-1	-1	-1	-1	0	-1	-1	-	0	0	0	-1	-1	-1	-1
808	D	0	-1	-	0	-1	0	-1	-1	-1	-1	-1	0	-1	-1	-1	-1	-1	0	-1	-1
809	P	0	-1	-1	-1	-1	-1	-1	-1	-1	0	-1	-1	-	0	0	0	-1	-1	-1	-1
810	S	0	0	0	0	0	0	0	0	0	0	0	0	0	0	0	-	0	0	-1	0
811	K	0	-1	-1	0	-1	-1	0	0	-	0	0	0	-1	0	0	0	0	0	-1	-1
812	P	0	-1	0	0	-1	0	0	0	0	0	-1	0	-	0	0	0	0	0	-1	-1
813	S	0	0	0	0	0	0	0	0	0	0	0	0	-1	0	0	-	0	0	-1	0
814	K	0	-1	-1	0	-1	-1	0	0	-	0	0	0	-1	0	0	0	0	0	-1	-1
815	R	0	0	0	0	0	0	0	0	0	0	0	0	-1	0	-	0	0	0	-1	0
816	S	0	0	0	0	0	0	0	0	0	0	0	0	-1	0	0	-	0	0	-1	0
817	F	0	0	-1	-1	-	-1	-1	0	-1	0	0	-1	-1	-1	-1	1	0	0	0	0
818	I	0	0	-1	-1	0	-1	-1	-	-1	0	0	0	-1	-1	-1	0	0	0	-1	-1
819	E	0	0	0	-	0	0	0	0	0	0	0	0	-1	0	0	0	0	0	-1	0
820	D	0	0	-	0	-1	0	0	0	0	-1	0	0	0	0	0	0	0	0	-1	0
821	L	0	-1	-1	-1	1	-1	0	0	-1	-	0	-1	-1	0	0	-1	0	0	-1	0
822	L	0	-1	-1	0	1	-1	0	0	-1	-	0	0	0	0	0	0	0	0	-1	0
823	F	0	0	-1	0	-	-1	0	0	-1	0	0	0	0	0	-1	0	0	0	0	0
824	N	0	0	0	0	-1	0	0	0	0	0	0	-	-1	0	0	0	0	0	-1	0
825	K	0	-1	-1	0	-1	-1	-1	0	-	-1	0	0	-1	0	0	0	0	-1	-1	-1
826	V	0	-1	-1	-1	0	-1	-1	0	-1	0	0	-1	-1	0	-1	-1	-1	-	-1	-1
827	T	0	0	0	0	-1	0	0	0	0	0	0	0	-1	0	0	0	-	0	-1	0
828	L	-1	-1	-1	-1	0	-1	-1	0	-1	-	0	-1	-1	-1	-1	-1	-1	0	-1	-1
829	A	-	0	0	0	-1	0	-1	0	-1	0	0	-1	-1	0	-1	0	0	0	-1	-1
830	D	0	0	-	0	-1	0	0	0	0	-1	0	0	-1	0	0	0	0	0	-1	0
831	A	-	0	0	0	0	0	0	0	-1	0	0	0	-1	0	-1	0	0	0	-1	0
832	G	0	0	0	0	-1	-	0	-1	0	0	-1	0	-1	0	0	0	0	0	-1	0
833	F	-1	0	-1	-1	-	-1	-1	0	-1	0	0	-1	-1	-1	-1	0	-1	0	0	0
834	I	0	-1	-1	-1	0	-1	-1	-	-1	0	0	0	-1	-1	-1	0	0	0	-1	-1
835	K	0	-1	-1	0	-1	-1	0	0	-	-1	0	0	-1	0	0	0	0	0	-1	-1
836	Q	0	0	0	0	0	0	0	0	0	0	0	0	-1	-	0	0	0	0	-1	0
837	Y	-1	0	-1	-1	0	-1	0	0	0	0	0	0	-1	-1	-1	0	0	0	-1	-
838	G	0	0	0	-1	-1	-	-1	-1	0	-1	-1	-1	-1	-1	-1	0	-1	0	-1	-1
839	D	0	-1	-	0	-1	0	-1	-1	-1	-1	-1	0	-1	-1	-1	-1	-1	0	-1	0
840	C	0	-	-1	-1	0	-1	-1	-1	-1	-1	0	-1	-1	-1	-1	0	-1	-1	-1	-1
841	L	-1	-1	-1	-1	0	-1	-1	0	-1	-	0	-1	-1	-1	-1	-1	-1	0	-1	-1
842	G	0	-1	0	-1	-1	-	-1	-1	-1	-1	-1	-1	-1	-1	0	0	-1	0	-1	-1
843	D	0	-1	-	0	-1	0	-1	-1	-1	-1	-1	0	-1	-1	-1	-1	-1	0	-1	0
844	I	0	-1	-1	-1	0	-1	0	-	-1	0	0	0	-1	0	-1	0	0	0	-1	0
845	A	-	0	0	0	-1	0	0	0	-1	0	0	0	-1	0	0	0	0	0	-1	-1
846	A	-	0	0	0	-1	0	0	0	0	0	0	0	-1	0	0	0	0	0	-1	0
847	R	0	0	0	0	-1	0	0	0	0	0	0	-1	-1	0	-	0	0	0	-1	0
848	D	0	-1	-	0	-1	0	-1	-1	-1	-1	-1	0	-1	0	0	0	-1	0	-1	0
849	L	-1	-1	-1	-1	0	-1	-1	0	-1	-	0	-1	-1	0	0	-1	-1	0	-1	-1
850	I	0	-1	-1	-1	0	-1	-1	-	-1	0	0	-1	-1	-1	-1	-1	0	0	-1	-1
851	C	0	-	-1	-1	0	-1	-1	-1	-1	0	0	-1	-1	-1	-1	0	-1	-1	-1	0
852	A	-	0	0	0	-1	0	0	0	0	0	0	0	-1	0	0	0	0	0	-1	0
853	Q	0	0	0	0	0	0	0	0	0	0	0	0	0	-	0	0	0	0	-1	0
854	K	-1	-1	-1	0	-1	-1	-1	0	-	-1	-1	0	-1	0	0	-1	-1	-1	-1	-1
855	F	-1	-1	-1	-1	-	-1	-1	-1	-1	0	-1	-1	-1	-1	-1	-1	-1	-1	-1	0
856	N	0	-1	0	0	-1	0	0	0	0	-1	0	-	-1	0	0	0	0	0	-1	-1
857	G	0	0	0	-1	-1	-	-1	-1	-1	-1	-1	0	-1	0	-1	0	-1	0	-1	-1
858	L	-1	-1	-1	-1	0	-1	-1	0	-1	-	0	-1	-1	-1	-1	-1	-1	0	-1	-1
859	T	0	0	-1	-1	-1	-1	-1	0	0	-1	0	0	-1	0	0	0	-	0	-1	-1
860	V	0	-1	-1	-1	0	-1	-1	0	-1	0	0	-1	-1	-1	-1	-1	-1	-	-1	-1
861	L	0	-1	-1	-1	0	-1	0	0	0	-	0	-1	-1	0	0	-1	0	0	-1	1
862	P	0	-1	-1	-1	0	0	0	-1	0	0	-1	0	-	0	0	0	0	-1	-1	-1
863	P	0	-1	-1	0	0	0	0	0	0	0	0	0	-	0	0	0	0	0	-1	-1
864	L	0	-1	-1	-1	1	-1	0	0	0	-	0	0	-1	0	0	0	0	0	-1	1
865	L	0	-1	-1	-1	0	-1	0	0	0	-	0	-1	-1	0	0	-1	0	0	-1	1
866	T	0	0	-1	-1	-1	0	0	0	0	0	0	0	0	0	0	0	-	0	-1	0
867	D	0	-1	-	0	-1	0	-1	-1	-1	-1	-1	0	-1	0	-1	0	0	0	-1	0
868	E	0	0	0	-	-1	0	0	-1	0	0	-1	0	-1	0	0	0	0	0	-1	-1
869	M	-1	-1	-1	-1	-1	-1	-1	0	-1	0	-	-1	-1	-1	-1	-1	0	0	-1	-1
870	I	0	0	-1	-1	0	-1	-1	-	-1	0	0	0	-1	-1	-1	0	0	0	-1	-1
871	A	-	0	0	0	-1	0	-1	-1	-1	-1	-1	-1	-1	0	-1	0	0	0	-1	-1
872	Q	0	-1	0	0	-1	-1	0	-1	0	0	-1	-1	-1	-	0	0	0	-1	-1	-1
873	Y	-1	0	-1	-1	0	-1	0	-1	-1	-1	-1	-1	-1	-1	-1	0	-1	-1	-1	-
874	T	0	-1	-1	-1	-1	-1	-1	0	0	-1	0	0	-1	0	0	0	-	0	-1	-1
875	S	0	0	-1	-1	-1	0	-1	-1	-1	-1	-1	0	-1	-1	-1	-	0	-1	-1	0
876	A	-	-1	-1	-1	-1	-1	-1	-1	-1	-1	-1	-1	-1	-1	-1	0	0	0	-1	-1
877	L	-1	-1	-1	-1	-1	-1	-1	-1	-1	-	0	-1	-1	-1	-1	-1	-1	0	-1	-1
878	L	-1	-1	-1	-1	-1	-1	-1	0	-1	-	0	-1	-1	-1	-1	-1	-1	0	-1	-1
879	A	-	-1	-1	-1	-1	-1	-1	-1	-1	-1	-1	-1	-1	-1	-1	0	0	0	-1	-1
880	G	-1	-1	-1	-1	-1	-	-1	-1	-1	-1	-1	-1	-1	-1	-1	-1	-1	-1	-1	-1
881	T	0	-1	-1	-1	-1	-1	-1	-1	-1	-1	-1	-1	-1	-1	-1	0	-	0	-1	-1
882	I	-1	-1	-1	-1	-1	-1	-1	-	-1	0	-1	0	-1	-1	-1	-1	-1	0	-1	-1
883	T	0	-1	-1	-1	-1	-1	-1	0	0	-1	0	0	-1	-1	-1	0	-	0	-1	-1
884	S	0	0	-1	-1	-1	0	-1	-1	-1	-1	-1	0	-1	-1	-1	-	0	-1	-1	0
885	G	-1	-1	-1	-1	-1	-	-1	-1	-1	-1	-1	-1	-1	-1	-1	-1	-1	-1	-1	-1
886	W	0	0	0	-1	0	-1	0	0	0	-1	0	0	-1	0	0	0	0	0	-	0
887	T	0	0	-1	-1	-1	-1	-1	0	0	-1	0	0	-1	0	-1	0	-	0	-1	-1
888	F	0	0	-1	-1	-	-1	0	0	-1	0	0	0	-1	0	0	0	0	0	-1	0
889	G	0	0	0	-1	-1	-	-1	-1	-1	-1	-1	-1	-1	-1	0	0	-1	0	-1	-1
890	A	-	0	-1	-1	-1	0	-1	0	-1	-1	0	-1	-1	-1	-1	0	0	0	-1	-1
891	G	0	0	0	0	-1	-	0	-1	-1	0	-1	0	-1	0	0	0	0	0	-1	-1
892	A	-	0	-1	-1	-1	0	-1	0	-1	-1	0	-1	-1	-1	-1	0	0	0	-1	-1
893	A	-	0	-1	-1	-1	0	-1	0	-1	-1	0	-1	-1	0	-1	0	0	0	-1	-1
894	L	0	-1	-1	-1	0	-1	0	0	-1	-	0	-1	-1	0	0	0	0	0	-1	-1
895	Q	0	0	0	0	0	0	0	0	0	0	0	0	-1	-	0	0	0	0	-1	0
896	I	0	0	-1	-1	0	-1	-1	-	-1	0	0	0	-1	-1	-1	0	0	0	-1	-1
897	P	0	-1	-1	-1	0	-1	0	-1	-1	0	-1	-1	-	0	0	0	0	-1	-1	-1
898	F	0	0	-1	-1	-	-1	0	0	-1	0	0	0	-1	0	-1	0	0	0	0	0
899	A	-	0	0	0	0	0	0	0	0	0	0	0	-1	0	0	0	0	0	-1	0
900	M	0	0	-1	-1	-1	-1	-1	0	-1	0	-	-1	-1	-1	-1	0	0	0	-1	-1
901	Q	0	0	0	0	0	0	0	0	0	0	0	0	-1	-	0	0	0	0	-1	0
902	M	-1	-1	-1	-1	-1	-1	-1	0	-1	0	-	-1	-1	-1	-1	0	-1	0	-1	-1
903	A	-	0	-1	-1	-1	0	-1	0	-1	-1	0	-1	-1	-1	-1	0	0	0	-1	-1
904	Y	-1	0	-1	-1	0	-1	0	0	-1	-1	0	-1	-1	-1	-1	-1	-1	0	-1	-
905	R	0	0	-1	-1	-1	-1	0	-1	0	-1	-1	-1	-1	0	-	0	0	-1	-1	-1
906	F	-1	0	-1	-1	-	-1	-1	0	-1	0	0	-1	-1	-1	-1	0	-1	0	0	0
907	N	0	0	0	0	-1	0	0	0	0	-1	0	-	-1	0	0	0	0	0	-1	0
908	G	0	0	0	-1	-1	-	-1	-1	-1	-1	-1	-1	-1	-1	0	0	-1	0	-1	-1
909	I	0	0	-1	-1	0	-1	-1	-	-1	0	0	0	-1	-1	-1	0	0	0	-1	-1
910	G	0	0	0	0	-1	-	0	-1	0	0	-1	0	-1	0	0	0	0	0	-1	-1
911	V	0	0	0	0	0	-1	0	0	-1	0	0	-1	-1	0	0	-1	0	-	-1	-1
912	T	0	0	0	0	-1	0	0	0	0	0	0	0	-1	0	0	0	-	0	-1	-1
913	Q	0	0	0	0	0	0	0	0	0	0	0	0	-1	-	0	0	0	0	-1	0
914	N	0	-1	0	0	-1	0	0	0	0	-1	0	-	-1	0	0	0	0	0	-1	0
915	V	0	-1	-1	-1	0	-1	-1	0	-1	0	0	-1	-1	-1	-1	-1	-1	-	-1	-1
916	L	-1	-1	-1	-1	1	-1	-1	0	-1	-	0	-1	-1	0	0	-1	-1	0	-1	-1
917	Y	-1	0	-1	-1	0	-1	0	0	-1	0	0	0	-1	-1	-1	0	-1	0	-1	-
918	E	0	-1	0	-	-1	0	-1	-1	0	-1	-1	0	-1	0	0	0	0	0	-1	-1
919	N	0	-1	0	0	-1	0	0	0	0	-1	0	-	-1	0	0	0	0	0	-1	-1
920	Q	0	-1	0	0	0	-1	0	0	0	0	0	0	-1	-	0	0	0	0	-1	-1
921	K	0	0	-1	0	-1	-1	0	0	-	-1	0	0	-1	0	0	0	0	0	-1	-1
922	L	-1	-1	-1	-1	1	-1	-1	0	-1	-	0	-1	-1	-1	-1	-1	-1	0	-1	-1
923	I	-1	-1	-1	-1	0	-1	-1	-	-1	0	0	0	-1	-1	-1	-1	0	0	-1	-1
924	A	-	-1	-1	-1	-1	0	-1	-1	-1	-1	0	0	-1	-1	-1	0	0	0	-1	-1
925	N	0	-1	0	0	-1	-1	0	0	0	-1	-1	-	-1	0	0	0	0	0	-1	-1
926	Q	0	-1	0	0	0	0	0	0	0	0	0	0	-1	-	0	0	0	0	-1	0
927	F	0	0	-1	-1	-	-1	0	0	-1	0	0	-1	-1	0	-1	0	0	0	-1	0
928	N	0	-1	0	0	-1	-1	0	0	0	-1	-1	-	-1	0	0	0	0	0	-1	-1
929	S	0	0	0	0	-1	0	0	0	-1	0	0	0	-1	0	0	-	0	0	-1	0
930	A	-	-1	0	0	-1	0	0	0	-1	-1	0	0	-1	-1	0	0	0	0	-1	0
931	I	-1	-1	-1	-1	0	-1	-1	-	-1	0	0	0	-1	-1	-1	-1	0	0	-1	-1
932	G	-1	-1	0	-1	-1	-	-1	-1	-1	-1	-1	-1	-1	-1	-1	0	-1	0	-1	-1
933	K	0	-1	-1	0	-1	-1	-1	0	-	-1	-1	0	-1	0	0	-1	0	-1	-1	-1
934	I	-1	-1	-1	-1	0	-1	-1	-	-1	0	0	0	-1	-1	-1	-1	0	0	-1	-1
935	Q	0	-1	0	0	0	-1	0	0	0	0	0	0	-1	-	0	0	0	0	-1	0
936	D	-1	-1	-	0	-1	0	-1	-1	-1	-1	-1	0	-1	-1	-1	-1	-1	0	-1	0
937	S	0	0	0	0	-1	0	0	0	-1	-1	0	0	-1	-1	-1	-	0	0	-1	0
938	L	-1	-1	-1	-1	1	-1	-1	-1	-1	-	0	-1	-1	-1	-1	-1	-1	0	-1	-1
939	S	0	0	0	0	0	0	0	0	-1	0	0	0	-1	0	0	-	0	0	-1	0
940	S	0	0	0	0	0	0	0	0	-1	0	0	0	-1	0	0	-	0	0	-1	0
941	T	0	0	0	0	-1	0	0	0	0	0	0	0	0	0	0	0	-	0	-1	0
942	A	-	0	0	0	-1	0	-1	0	-1	0	0	0	-1	0	-1	0	0	0	-1	-1
943	S	0	0	0	0	0	0	0	0	0	0	0	0	-1	0	0	-	0	0	1	0
944	A	-	0	0	0	0	0	0	0	0	0	0	0	-1	0	0	0	0	0	-1	0
945	L	-1	-1	-1	-1	1	-1	-1	0	-1	-	0	-1	-1	-1	-1	-1	-1	0	-1	-1
946	G	0	0	0	-1	-1	-	0	-1	0	-1	-1	0	-1	0	0	0	-1	0	-1	-1
947	K	0	0	-1	0	-1	-1	0	0	-	0	0	0	-1	0	0	0	0	0	-1	-1
948	L	-1	-1	-1	-1	1	-1	-1	0	-1	-	0	-1	-1	-1	-1	-1	-1	0	-1	-1
949	Q	0	0	0	0	-1	-1	0	-1	0	0	0	0	-1	-	0	0	0	0	-1	-1
950	D	0	-1	-	0	-1	0	-1	-1	-1	-1	-1	0	-1	-1	-1	-1	-1	0	-1	0
951	V	0	-1	-1	-1	-1	-1	-1	0	-1	0	0	-1	-1	-1	-1	-1	-1	-	-1	-1
952	V	0	-1	-1	-1	-1	-1	-1	0	-1	0	0	-1	-1	-1	-1	-1	-1	-	-1	-1
953	N	0	-1	0	-1	-1	-1	0	0	0	-1	0	-	-1	0	0	0	0	0	-1	-1
954	Q	0	0	0	0	0	-1	0	0	0	0	0	0	-1	-	0	0	0	0	-1	-1
955	N	0	-1	0	-1	-1	-1	0	0	0	-1	-1	-	-1	0	-1	0	0	-1	-1	-1
956	A	-	-1	-1	-1	-1	-1	-1	-1	-1	-1	-1	-1	-1	-1	-1	0	0	0	-1	-1
957	Q	0	0	0	0	0	-1	0	0	0	0	0	0	-1	-	0	0	0	0	-1	-1
958	A	-	0	-1	0	-1	0	0	0	-1	-1	0	0	-1	-1	0	0	0	0	-1	0
959	L	-1	-1	-1	-1	1	-1	-1	0	-1	-	0	-1	-1	-1	-1	-1	-1	0	-1	-1
960	N	0	-1	0	0	-1	-1	0	0	0	-1	0	-	-1	0	-1	0	0	0	-1	-1
961	T	0	0	-1	-1	-1	-1	0	0	0	0	0	0	-1	0	-1	0	-	0	-1	-1
962	L	-1	-1	-1	-1	0	-1	-1	0	-1	-	0	-1	-1	-1	-1	-1	-1	0	-1	-1
963	V	0	-1	-1	-1	0	-1	-1	0	-1	0	0	-1	-1	-1	-1	-1	-1	-	-1	-1
964	K	0	0	-1	0	-1	-1	0	0	-	0	0	0	-1	0	0	0	0	0	-1	-1
965	Q	0	0	0	0	0	0	0	0	0	0	0	0	-1	-	0	0	0	0	-1	0
966	L	-1	-1	-1	-1	0	-1	-1	0	-1	-	0	-1	-1	-1	-1	-1	-1	0	-1	-1
967	S	0	0	0	0	-1	0	0	0	0	-1	0	0	-1	0	0	-	0	0	-1	0
968	S	0	0	0	0	0	0	0	0	-1	-1	0	0	-1	0	0	-	0	0	-1	0
969	N	0	-1	0	0	-1	0	0	0	0	-1	-1	-	-1	0	0	0	0	0	-1	-1
970	F	-1	-1	-1	-1	-	-1	-1	-1	-1	0	-1	-1	-1	-1	-1	-1	-1	-1	-1	0
971	G	0	0	0	-1	-1	-	-1	-1	-1	-1	-1	0	-1	-1	-1	0	-1	0	-1	-1
972	A	-	0	-1	-1	-1	0	-1	0	-1	0	0	-1	-1	-1	-1	0	0	0	-1	-1
973	I	-1	-1	-1	-1	0	-1	-1	-	-1	0	0	-1	-1	-1	-1	-1	0	0	-1	-1
974	S	0	0	0	0	0	0	0	0	-1	-1	0	0	-1	0	0	-	0	0	-1	0
975	S	0	0	0	0	0	0	0	0	1	0	0	0	-1	0	0	-	0	0	-1	0
976	V	0	-1	-1	0	0	-1	-1	0	-1	0	0	-1	-1	0	-1	-1	-1	-	-1	-1
977	L	0	-1	-1	-1	1	-1	-1	0	-1	-	0	-1	-1	0	0	-1	0	0	-1	0
978	N	0	0	0	0	-1	0	0	0	0	0	0	-	-1	0	0	0	0	0	-1	0
979	D	0	-1	-	0	-1	0	-1	-1	-1	-1	-1	0	-1	0	-1	0	-1	0	-1	0
980	I	-1	-1	-1	-1	0	-1	-1	-	-1	0	0	-1	-1	-1	-1	-1	0	0	-1	-1
981	L	-1	-1	-1	-1	1	-1	-1	0	-1	-	0	-1	-1	-1	-1	-1	-1	0	-1	-1
982	S	0	0	0	0	0	0	0	0	-1	-1	0	0	-1	-1	-1	-	0	0	-1	0
983	R	0	0	-1	-1	-1	-1	0	-1	0	-1	-1	-1	-1	0	-	0	0	-1	-1	-1
984	L	-1	-1	-1	-1	0	-1	-1	0	-1	-	0	-1	-1	-1	-1	-1	-1	0	-1	-1
985	D	0	-1	-	0	-1	0	-1	-1	-1	-1	-1	0	-1	0	-1	0	-1	0	-1	0
986	K	0	-1	-1	0	-1	-1	-1	0	-	-1	-1	0	-1	0	0	0	0	-1	-1	-1
987	V	0	-1	-1	-1	-1	-1	-1	0	-1	0	-1	-1	-1	-1	-1	-1	-1	-	-1	-1
988	E	0	-1	0	-	-1	0	-1	-1	0	-1	-1	0	-1	0	-1	0	0	0	-1	-1
989	A	-	0	-1	-1	-1	0	-1	-1	-1	-1	0	-1	-1	-1	-1	0	0	0	-1	-1
990	E	0	-1	0	-	-1	0	-1	-1	0	-1	-1	0	-1	0	-1	0	0	0	-1	-1
991	V	0	-1	-1	-1	-1	-1	-1	0	-1	0	0	-1	-1	-1	-1	-1	-1	-	-1	-1
992	Q	0	0	0	0	0	0	0	0	0	0	0	0	-1	-	0	0	0	0	-1	0
993	I	-1	-1	-1	-1	0	-1	-1	-	-1	0	0	-1	-1	-1	-1	-1	0	0	-1	-1
994	D	0	-1	-	0	-1	0	-1	-1	-1	-1	-1	0	-1	0	-1	0	-1	0	-1	0
995	R	0	0	-1	0	-1	0	0	0	0	0	0	0	-1	0	-	0	0	-1	-1	-1
996	L	-1	-1	-1	-1	0	-1	-1	0	-1	-	0	-1	-1	-1	-1	-1	-1	0	-1	-1
997	I	0	-1	-1	-1	0	-1	-1	-	-1	0	0	-1	-1	-1	-1	-1	0	0	-1	-1
998	T	0	-1	-1	-1	-1	-1	0	0	0	0	0	0	-1	0	0	0	-	0	-1	-1
999	G	0	0	0	-1	-1	-	-1	-1	-1	-1	-1	-1	-1	-1	-1	0	-1	0	-1	-1
1000	R	0	0	-1	0	0	0	0	0	0	0	0	0	-1	0	-	0	0	0	-1	-1
1001	L	-1	-1	-1	-1	1	-1	-1	0	-1	-	0	-1	-1	-1	-1	-1	-1	0	-1	-1
1002	Q	0	-1	0	0	0	-1	0	-1	0	0	-1	0	-1	-	0	0	0	0	-1	-1
1003	S	0	0	-1	-1	-1	0	-1	0	-1	-1	0	0	-1	-1	-1	-	0	0	-1	-1
1004	L	-1	-1	-1	-1	-1	-1	-1	-1	-1	-	0	-1	-1	-1	-1	-1	-1	0	-1	-1
1005	Q	0	-1	-1	0	-1	-1	0	-1	0	0	-1	-1	-1	-	0	0	0	-1	-1	-1
1006	T	0	-1	-1	-1	-1	-1	-1	0	-1	-1	0	0	-1	-1	-1	0	-	0	-1	-1
1007	Y	-1	0	-1	-1	0	-1	0	-1	-1	-1	-1	-1	-1	-1	-1	-1	-1	-1	-1	-
1008	V	0	-1	-1	-1	-1	-1	-1	0	-1	0	0	-1	-1	-1	-1	-1	-1	-	-1	-1
1009	T	0	-1	-1	-1	-1	-1	-1	0	-1	-1	0	0	-1	-1	-1	0	-	0	-1	-1
1010	Q	0	0	0	0	0	-1	0	0	0	0	0	0	-1	-	0	0	0	0	-1	0
1011	Q	0	0	0	0	0	-1	0	0	0	0	0	0	-1	-	0	0	0	0	-1	0
1012	L	-1	-1	-1	-1	1	-1	-1	0	-1	-	0	-1	-1	-1	-1	-1	-1	0	-1	-1
1013	I	-1	-1	-1	-1	0	-1	-1	-	-1	0	0	-1	-1	-1	-1	-1	-1	0	-1	-1
1014	R	0	0	-1	-1	-1	0	0	0	0	0	0	-1	-1	0	-	0	0	-1	-1	-1
1015	A	-	0	0	0	-1	0	-1	0	-1	0	0	-1	-1	-1	-1	0	0	0	-1	-1
1016	A	-	0	-1	-1	-1	0	-1	-1	-1	-1	-1	-1	-1	-1	-1	0	0	0	-1	-1
1017	E	0	-1	0	-	-1	-1	-1	-1	0	-1	-1	-1	-1	0	-1	-1	-1	0	-1	-1
1018	I	0	-1	-1	-1	0	-1	-1	-	-1	0	0	0	-1	-1	-1	0	0	0	-1	-1
1019	R	0	0	-1	-1	-1	0	0	-1	0	0	0	-1	-1	0	-	0	0	-1	-1	-1
1020	A	-	0	0	0	-1	0	-1	0	-1	0	0	0	-1	0	-1	0	0	0	-1	-1
1021	S	0	0	0	0	0	0	0	0	-1	0	0	0	-1	0	0	-	0	0	-1	0
1022	A	-	0	0	0	-1	0	-1	0	-1	0	0	0	-1	0	0	0	0	0	-1	-1
1023	N	0	-1	0	0	-1	0	0	0	0	0	0	-	-1	0	0	0	0	0	-1	0
1024	L	0	-1	-1	-1	1	-1	-1	0	-1	-	0	-1	-1	0	0	-1	0	0	-1	-1
1025	A	-	0	0	0	0	0	0	0	0	0	0	0	-1	0	0	0	0	0	-1	0
1026	A	-	0	0	0	0	0	0	0	0	0	0	0	-1	0	0	0	0	0	-1	0
1027	T	0	0	0	0	0	0	0	0	0	0	0	0	0	0	0	0	-	0	0	0
1028	K	0	0	0	0	0	0	0	0	-	0	0	0	-1	0	0	0	0	0	-1	0
1029	M	0	-1	-1	-1	0	-1	-1	0	-1	0	-	-1	-1	-1	-1	-1	0	0	-1	-1
1030	S	0	0	0	0	0	0	0	0	0	0	0	0	-1	0	0	-	0	0	-1	0
1031	E	0	-1	0	-	-1	0	-1	0	0	0	-1	0	-1	0	0	0	0	0	-1	-1
1032	C	0	-	-1	-1	0	-1	0	0	-1	0	0	-1	-1	-1	-1	0	-1	0	1	0
1033	V	0	-1	-1	-1	0	-1	-1	0	-1	0	0	-1	-1	-1	-1	-1	-1	-	-1	-1
1034	L	0	-1	-1	-1	1	-1	-1	0	-1	-	0	-1	-1	0	0	-1	0	0	-1	-1
1035	G	0	0	0	-1	-1	-	-1	-1	0	-1	-1	0	-1	-1	-1	0	-1	0	-1	-1
1036	Q	0	0	0	0	0	0	0	0	0	0	0	0	-1	-	0	0	0	0	-1	0
1037	S	0	0	0	0	0	0	0	0	0	0	0	0	-1	0	0	-	0	0	-1	0
1038	K	0	0	-1	0	-1	-1	-1	0	-	-1	0	0	-1	0	0	0	0	0	-1	-1
1039	R	0	0	0	0	0	0	0	0	0	0	0	-1	-1	0	-	0	0	0	-1	0
1040	V	0	-1	-1	-1	-1	-1	-1	0	-1	0	0	-1	-1	-1	-1	-1	-1	-	-1	-1
1041	D	0	0	-	0	-1	0	-1	-1	-1	-1	-1	0	-1	-1	-1	-1	-1	0	-1	0
1042	F	0	0	-1	0	-	-1	0	0	-1	0	0	0	-1	0	-1	0	0	0	-1	0
1043	C	0	-	-1	-1	-1	-1	-1	-1	-1	-1	-1	-1	-1	-1	-1	0	-1	-1	-1	0
1044	G	-1	0	0	-1	-1	-	-1	-1	-1	-1	-1	-1	-1	-1	-1	0	-1	0	-1	-1
1045	K	-1	-1	-1	0	-1	-1	-1	0	-	-1	-1	-1	-1	0	0	-1	-1	-1	-1	-1
1046	G	0	0	0	-1	-1	-	-1	-1	-1	-1	-1	-1	-1	-1	-1	0	-1	0	-1	-1
1047	Y	-1	0	-1	-1	0	-1	0	-1	-1	-1	0	-1	-1	-1	-1	-1	-1	-1	-1	-
1048	H	-1	0	-1	-1	0	-1	-	-1	-1	0	0	0	-1	0	0	0	-1	0	-1	0
1049	L	-1	-1	-1	-1	0	-1	-1	0	-1	-	0	-1	-1	-1	-1	-1	-1	0	-1	-1
1050	M	-1	-1	-1	-1	-1	-1	-1	0	-1	0	-	-1	-1	-1	-1	-1	-1	0	-1	-1
1051	S	0	0	0	0	0	0	0	0	-1	-1	0	0	-1	-1	-1	-	0	0	-1	0
1052	F	0	0	-1	-1	-	-1	0	0	-1	0	0	-1	-1	0	-1	1	0	0	-1	0
1053	P	0	-1	-1	-1	-1	-1	-1	-1	-1	0	-1	-1	-	0	0	0	-1	-1	-1	-1
1054	Q	0	0	0	0	-1	-1	0	-1	0	0	0	0	-1	-	0	0	0	0	-1	-1
1055	S	0	0	0	0	0	0	0	0	0	-1	0	0	-1	0	0	-	0	0	-1	0
1056	A	-	0	0	0	-1	0	-1	0	0	0	0	0	-1	0	-1	0	0	0	-1	0
1057	P	0	-1	0	-1	-1	-1	-1	-1	-1	0	-1	0	-	0	0	0	0	-1	-1	-1
1058	H	0	0	0	0	0	0	-	0	0	0	0	0	-1	0	0	0	0	0	0	0
1059	G	0	0	0	0	-1	-	0	-1	0	-1	-1	0	-1	-1	0	0	0	0	-1	-1
1060	V	0	0	0	0	0	-1	0	0	-1	0	0	-1	-1	0	0	-1	-1	-	-1	0
1061	V	0	-1	-1	-1	0	-1	-1	0	-1	0	0	-1	-1	0	-1	-1	-1	-	-1	-1
1062	F	-1	0	-1	-1	-	-1	-1	0	-1	0	0	-1	-1	-1	-1	-1	-1	0	0	0
1063	L	-1	-1	-1	-1	1	-1	-1	0	-1	-	0	-1	-1	-1	-1	-1	-1	0	-1	-1
1064	H	0	0	0	-1	0	0	-	0	0	0	0	0	-1	0	0	0	0	0	-1	0
1065	V	0	-1	-1	-1	0	-1	-1	0	-1	0	0	-1	-1	-1	-1	-1	-1	-	-1	-1
1066	T	0	0	-1	-1	-1	0	0	0	0	-1	0	0	-1	0	-1	0	-	0	-1	-1
1067	Y	0	0	0	0	0	-1	0	0	0	-1	0	0	-1	0	0	0	0	0	0	-
1068	V	0	-1	-1	-1	0	-1	-1	0	-1	0	0	-1	-1	0	-1	-1	-1	-	-1	-1
1069	P	0	-1	-1	-1	-1	-1	-1	-1	-1	0	-1	-1	-	0	0	0	0	-1	-1	-1
1070	A	-	0	-1	-1	-1	0	-1	0	-1	0	0	-1	-1	-1	-1	0	0	0	-1	-1
1071	Q	0	-1	0	0	0	0	0	0	0	0	0	0	-1	-	0	0	0	0	-1	0
1072	E	0	-1	0	-	-1	0	-1	-1	0	-1	-1	0	-1	0	-1	0	0	0	-1	-1
1073	K	0	-1	-1	0	-1	-1	-1	0	-	-1	0	0	-1	0	0	0	0	0	-1	-1
1074	N	0	-1	0	0	-1	0	0	0	0	-1	0	-	-1	0	0	0	0	0	-1	-1
1075	F	-1	0	-1	-1	-	-1	-1	0	-1	0	0	-1	-1	-1	-1	-1	-1	0	-1	0
1076	T	0	-1	-1	-1	-1	-1	0	0	0	-1	0	0	-1	0	-1	0	-	0	-1	-1
1077	T	0	-1	-1	-1	-1	-1	0	0	0	-1	0	0	-1	0	-1	0	-	0	-1	-1
1078	A	-	0	-1	-1	-1	0	-1	-1	-1	0	-1	-1	-1	-1	-1	0	0	0	-1	-1
1079	P	0	-1	-1	-1	-1	-1	-1	-1	-1	0	-1	-1	-	0	0	0	-1	-1	-1	-1
1080	A	-	0	-1	-1	-1	0	-1	-1	-1	0	-1	-1	-1	-1	-1	0	0	0	-1	-1
1081	I	-1	-1	-1	-1	0	-1	-1	-	-1	0	0	-1	-1	-1	-1	-1	0	0	-1	-1
1082	C	0	-	-1	-1	0	-1	-1	-1	-1	-1	-1	-1	-1	-1	-1	0	-1	-1	-1	-1
1083	H	-1	0	-1	-1	0	-1	-	-1	-1	0	0	0	-1	0	0	0	-1	-1	-1	0
1084	D	0	-1	-	0	-1	0	-1	-1	-1	-1	-1	0	-1	-1	-1	-1	-1	0	-1	0
1085	G	0	0	0	-1	-1	-	-1	-1	-1	-1	-1	-1	-1	-1	-1	0	-1	0	-1	-1
1086	K	0	-1	-1	0	-1	-1	0	0	-	-1	0	0	-1	0	0	0	0	0	-1	-1
1087	A	-	0	-1	-1	-1	0	-1	-1	-1	0	0	-1	-1	-1	-1	0	0	0	-1	-1
1088	H	0	0	-1	-1	0	-1	-	-1	0	0	0	0	-1	0	0	0	0	0	-1	0
1089	F	-1	0	-1	-1	-	-1	-1	0	-1	0	-1	-1	-1	-1	-1	-1	-1	0	-1	0
1090	P	0	-1	-1	-1	-1	-1	-1	-1	-1	0	-1	-1	-	0	0	0	-1	-1	-1	-1
1091	R	0	0	0	0	0	0	0	0	0	0	0	0	-1	0	-	0	0	0	-1	0
1092	E	0	0	0	-	-1	0	0	0	0	0	-1	0	-1	0	0	0	0	0	-1	-1
1093	G	0	0	0	-1	-1	-	-1	-1	-1	-1	-1	-1	-1	-1	-1	0	-1	0	-1	-1
1094	V	0	-1	-1	-1	0	-1	-1	0	-1	0	0	-1	-1	-1	-1	-1	-1	-	-1	-1
1095	F	-1	0	-1	-1	-	-1	-1	0	-1	0	0	-1	-1	-1	-1	-1	-1	0	-1	0
1096	V	0	-1	-1	-1	0	-1	-1	0	-1	0	0	-1	-1	-1	-1	-1	-1	-	-1	-1
1097	S	0	0	0	-1	0	0	0	0	-1	-1	0	0	-1	0	-1	-	0	0	-1	0
1098	N	0	-1	0	-1	-1	0	0	0	0	-1	0	-	-1	0	-1	0	0	0	-1	-1
1099	G	-1	0	0	-1	-1	-	-1	-1	-1	-1	-1	-1	-1	-1	-1	0	-1	0	-1	-1
1100	T	0	0	-1	-1	-1	-1	0	0	0	-1	0	0	-1	0	-1	0	-	0	-1	0
1101	H	-1	-1	-1	-1	0	-1	-	-1	0	0	0	0	-1	0	0	0	-1	0	-1	0
1102	W	-1	0	-1	-1	0	-1	-1	0	-1	-1	0	-1	-1	-1	-1	1	1	0	-	0
1103	F	-1	0	-1	-1	-	-1	-1	0	-1	0	0	-1	-1	-1	-1	-1	-1	0	0	0
1104	V	0	0	-1	-1	0	-1	-1	0	-1	0	0	-1	-1	-1	-1	-1	-1	-	-1	-1
1105	T	0	0	-1	-1	-1	0	0	0	0	-1	0	0	-1	0	0	0	-	0	-1	0
1106	Q	0	-1	-1	0	0	-1	0	-1	0	0	-1	-1	-1	-	0	0	0	0	-1	-1
1107	R	-1	0	-1	-1	-1	-1	0	-1	0	-1	-1	-1	-1	-1	-	-1	-1	-1	-1	-1
1108	N	-1	-1	0	-1	-1	-1	-1	0	0	-1	-1	-	-1	-1	-1	0	-1	-1	-1	-1
1109	F	0	0	-1	-1	-	-1	-1	-1	-1	0	-1	0	-1	0	-1	1	0	-1	-1	0
1110	Y	-1	-1	-1	-1	0	-1	-1	-1	-1	-1	-1	-1	-1	-1	-1	-1	-1	-1	-1	-
1111	E	0	-1	0	-	-1	-1	-1	-1	0	-1	-1	-1	-1	0	-1	-1	-1	0	-1	-1
1112	P	-1	-1	-1	-1	-1	-1	-1	-1	-1	-1	-1	-1	-	0	-1	-1	-1	-1	-1	-1
1113	Q	0	-1	-1	0	-1	-1	0	-1	0	0	-1	-1	-1	-	0	0	0	-1	-1	-1
1114	I	-1	-1	-1	-1	-1	-1	-1	-	-1	0	-1	-1	-1	-1	-1	-1	-1	0	-1	-1
1115	I	-1	-1	-1	0	-1	-1	-1	-	0	0	0	0	-1	0	0	-1	-1	0	-1	-1
1116	T	0	-1	-1	-1	-1	-1	-1	0	-1	-1	0	-1	-1	-1	-1	0	-	0	-1	-1
1117	T	0	0	0	-1	-1	-1	0	0	0	0	0	0	0	0	-1	0	-	0	-1	0
1118	D	0	-1	-	0	-1	0	-1	-1	-1	-1	-1	0	-1	0	-1	0	-1	0	-1	0
1119	N	0	-1	0	-1	-1	-1	0	0	0	-1	-1	-	-1	0	-1	0	0	0	-1	-1
1120	T	0	-1	-1	-1	-1	-1	0	0	0	-1	0	0	-1	0	-1	0	-	0	-1	-1
1121	F	-1	0	-1	-1	-	-1	-1	0	-1	0	0	-1	-1	-1	-1	-1	-1	0	-1	0
1122	V	0	-1	-1	-1	0	-1	-1	0	-1	0	0	-1	-1	0	-1	-1	-1	-	-1	-1
1123	S	0	0	0	0	0	0	0	0	-1	-1	0	0	-1	0	0	-	0	0	-1	0
1124	G	0	0	0	0	-1	-	-1	-1	-1	-1	-1	-1	-1	0	0	0	-1	0	-1	-1
1125	N	-1	-1	0	-1	-1	-1	-1	-1	0	-1	-1	-	-1	-1	-1	0	-1	-1	-1	-1
1126	C	0	-	-1	-1	0	-1	-1	-1	-1	-1	0	-1	-1	-1	-1	0	-1	-1	-1	0
1127	D	-1	-1	-	0	-1	0	-1	-1	-1	-1	-1	0	-1	-1	-1	-1	-1	0	-1	-1
1128	V	0	0	-1	-1	0	-1	-1	0	-1	0	0	-1	-1	0	-1	-1	-1	-	-1	0
1129	V	0	0	-1	0	0	-1	-1	0	-1	0	0	-1	-1	0	0	-1	0	-	-1	0
1130	I	0	0	-1	0	0	-1	-1	-	-1	0	0	0	-1	0	0	0	0	0	-1	0
1131	G	0	0	0	0	0	-	0	0	0	0	-1	0	0	0	0	0	0	0	-1	-1
1132	I	0	0	-1	-1	0	-1	-1	-	-1	0	0	0	-1	-1	0	0	0	0	-1	-1
1133	V	0	0	-1	0	0	-1	-1	0	-1	0	0	-1	-1	0	0	0	0	-	-1	-1
1134	N	0	0	0	0	-1	0	0	0	0	0	0	-	0	0	0	0	0	0	-1	0
1135	N	0	0	0	0	-1	0	0	0	0	0	0	-	0	0	0	0	0	0	-1	0
1136	T	0	0	0	0	0	0	0	0	0	0	0	0	0	0	0	0	-	0	-1	0
1137	V	0	0	0	0	0	0	0	0	-1	0	0	0	0	0	0	0	0	-	-1	0
1138	Y	0	0	0	0	0	-1	0	0	0	0	0	0	-1	0	0	0	0	0	0	-
1139	D	0	0	-	0	-1	0	0	0	0	-1	-1	0	0	0	0	0	0	0	-1	0
1140	P	0	-1	-1	-1	-1	-1	-1	-1	-1	0	-1	-1	-	0	0	0	0	-1	-1	-1
1141	L	-1	-1	-1	-1	1	-1	-1	0	-1	-	0	-1	-1	-1	-1	-1	-1	0	-1	-1
1142	Q	0	0	0	0	-1	0	0	0	0	0	0	0	-1	-	0	0	0	0	-1	0
1143	P	0	-1	-1	-1	-1	-1	-1	-1	-1	0	-1	-1	-	0	0	0	0	-1	-1	-1
1144	E	0	0	0	-	-1	0	0	0	0	0	0	0	-1	0	0	0	0	0	-1	-1
1145	L	-1	-1	-1	-1	0	-1	-1	0	-1	-	0	-1	-1	-1	-1	-1	-1	0	-1	-1
1146	D	0	-1	-	0	-1	0	-1	-1	-1	-1	-1	0	-1	0	-1	0	0	0	-1	0
1147	S	0	0	0	0	0	0	0	0	0	0	0	0	-1	0	0	-	0	0	-1	0
1148	F	-1	0	-1	-1	-	-1	-1	0	-1	0	0	-1	-1	-1	-1	-1	-1	0	-1	0
1149	K	0	0	0	0	-1	0	0	0	-	0	0	0	-1	0	0	0	0	0	-1	0
1150	E	0	-1	0	-	0	0	0	0	0	0	0	0	-1	0	0	0	0	0	-1	-1
1151	E	0	0	0	-	-1	0	0	0	0	0	0	0	-1	0	0	0	0	0	-1	-1
1152	L	1	0	-1	0	0	-1	0	0	0	-	0	1	-1	1	0	0	0	0	0	0
1153	D	0	-1	-	0	-1	0	-1	-1	-1	-1	-1	0	-1	-1	-1	-1	-1	0	-1	0
1154	K	0	0	-1	0	-1	-1	-1	0	-	-1	0	0	-1	0	0	0	0	0	-1	0
1155	Y	-1	0	-1	-1	0	-1	0	0	-1	-1	0	0	-1	-1	-1	-1	-1	0	-1	-
1156	F	0	0	-1	-1	-	-1	0	0	0	0	0	0	-1	0	0	0	0	0	0	0
1157	K	0	0	-1	0	-1	-1	-1	0	-	-1	0	0	-1	0	0	0	0	0	-1	0
1158	N	0	0	0	0	-1	0	0	0	0	-1	0	-	-1	0	-1	0	0	0	-1	-1
1159	H	0	0	0	-1	0	0	-	0	0	0	0	0	-1	0	0	0	0	0	-1	0
1160	T	0	0	0	-1	-1	0	0	0	0	0	0	0	-1	0	-1	0	-	0	-1	0
1161	S	0	0	0	0	0	0	0	0	0	0	0	0	-1	-1	0	-	0	0	-1	0
1162	P	0	-1	-1	-1	-1	-1	-1	-1	-1	0	-1	-1	-	0	0	0	0	-1	-1	-1
1163	D	0	-1	-	0	-1	0	-1	-1	0	-1	-1	0	-1	0	-1	0	0	0	-1	0
1164	V	0	-1	-1	-1	0	-1	-1	0	-1	0	0	-1	-1	-1	-1	-1	-1	-	-1	-1
1165	D	0	-1	-	0	-1	0	0	-1	-1	-1	-1	0	-1	0	-1	0	0	0	-1	0
1166	L	-1	-1	-1	-1	1	-1	-1	0	-1	-	0	-1	-1	0	-1	-1	-1	0	-1	-1
1167	G	0	0	0	-1	-1	-	0	-1	-1	-1	-1	0	-1	0	0	0	0	0	-1	-1
1168	D	0	-1	-	0	-1	0	0	-1	-1	-1	-1	0	-1	0	-1	0	0	0	-1	0
1169	I	0	0	-1	-1	0	-1	-1	-	-1	0	0	0	-1	-1	-1	0	0	0	-1	-1
1170	S	0	0	0	0	-1	0	0	0	-1	-1	0	0	-1	0	-1	-	0	0	-1	0
1171	G	0	0	0	-1	-1	-	-1	-1	-1	-1	-1	0	-1	0	-1	0	-1	0	-1	-1
1172	I	-1	-1	-1	-1	0	-1	-1	-	-1	0	0	-1	-1	-1	-1	-1	0	0	-1	-1
1173	N	0	-1	0	-1	-1	0	0	0	0	0	-1	-	-1	0	-1	0	0	0	-1	-1
1174	A	-	0	-1	-1	-1	0	-1	0	-1	0	0	-1	-1	-1	-1	0	0	0	-1	-1
1175	S	0	0	0	0	-1	0	-1	0	-1	-1	0	0	-1	-1	-1	-	0	0	-1	0
1176	V	0	-1	-1	-1	-1	-1	-1	0	-1	0	0	-1	-1	-1	-1	-1	-1	-	-1	-1
1177	V	0	-1	-1	-1	-1	-1	-1	0	-1	0	0	-1	-1	-1	-1	-1	-1	-	-1	-1
1178	N	0	-1	0	-1	-1	-1	0	0	0	-1	-1	-	-1	0	-1	0	0	0	-1	-1
1179	I	-1	-1	-1	-1	0	-1	-1	-	-1	0	0	0	-1	-1	-1	-1	0	0	-1	-1
1180	Q	0	0	0	0	0	0	0	0	0	0	0	0	-1	-	0	0	0	0	-1	0
1181	K	0	-1	0	0	-1	-1	0	0	-	0	0	0	-1	0	0	0	0	0	-1	0
1182	E	0	-1	0	-	-1	0	-1	-1	0	-1	-1	0	-1	0	-1	0	0	0	-1	-1
1183	I	0	-1	-1	-1	0	-1	-1	-	-1	0	0	0	-1	-1	-1	-1	0	0	-1	-1
1184	D	0	-1	-	0	-1	0	0	-1	0	-1	-1	0	-1	0	-1	0	-1	0	-1	0
1185	R	0	0	0	0	0	0	0	0	0	0	0	0	0	0	-	0	0	0	-1	0
1186	L	0	-1	0	-1	0	-1	0	0	0	-	0	-1	-1	0	0	0	0	0	-1	0
1187	N	0	-1	0	-1	-1	-1	0	0	0	-1	-1	-	-1	0	0	0	0	0	-1	-1
1188	E	0	-1	0	-	-1	0	-1	-1	0	-1	-1	0	-1	0	-1	0	0	0	-1	-1
1189	V	0	-1	0	0	-1	-1	-1	0	0	0	0	-1	-1	-1	0	-1	-1	-	-1	-1
1190	A	-	-1	0	0	-1	0	-1	-1	-1	-1	0	0	-1	-1	0	0	0	0	-1	-1
1191	K	0	-1	-1	0	-1	-1	-1	0	-	-1	0	0	-1	0	0	0	0	0	-1	-1
1192	N	0	0	0	-1	-1	0	0	0	0	-1	-1	-	-1	0	-1	0	-1	-1	-1	-1
1193	L	-1	-1	-1	-1	0	-1	-1	0	-1	-	0	-1	-1	-1	-1	-1	-1	0	-1	-1
1194	N	0	-1	0	0	-1	0	0	0	0	-1	-1	-	-1	0	0	0	0	-1	-1	-1
1195	E	0	-1	0	-	-1	0	-1	0	0	0	-1	0	-1	0	0	0	0	0	-1	-1
1196	S	0	0	0	0	0	0	0	0	0	-1	0	0	-1	0	0	-	0	-1	-1	0
1197	L	-1	-1	-1	-1	0	-1	-1	0	-1	-	0	-1	-1	-1	-1	-1	-1	0	-1	-1
1198	I	-1	-1	-1	-1	0	-1	-1	-	-1	0	0	-1	-1	-1	-1	-1	0	0	-1	-1
1199	D	0	-1	-	0	-1	0	-1	-1	-1	-1	-1	0	-1	0	-1	0	-1	0	-1	0
1200	L	-1	-1	-1	-1	1	-1	-1	0	-1	-	0	-1	-1	-1	-1	-1	-1	0	-1	-1
1201	Q	0	-1	0	0	0	0	0	0	0	0	0	0	-1	-	0	0	0	0	-1	0
1202	E	0	0	0	-	-1	0	0	0	0	0	-1	0	-1	0	0	0	0	0	-1	-1
1203	L	0	-1	-1	-1	1	-1	-1	0	-1	-	0	-1	-1	0	0	-1	0	0	-1	0
1204	G	0	0	0	0	-1	-	-1	-1	0	-1	-1	0	-1	-1	0	0	0	0	-1	-1
1205	K	0	-1	-1	0	-1	-1	-1	0	-	-1	-1	0	-1	0	0	-1	0	-1	-1	-1
1206	Y	0	0	0	-1	0	-1	0	0	0	-1	0	0	-1	0	0	0	0	0	-1	-
1207	E	0	0	0	-	-1	0	0	0	0	0	-1	0	-1	0	0	0	0	0	-1	-1
1208	Q	0	0	0	0	0	0	0	0	0	0	0	0	0	-	0	0	0	0	-1	0
1209	Y	0	0	0	0	0	0	0	0	0	0	0	0	-1	0	0	0	0	0	0	-
1210	I	0	0	0	0	0	0	0	-	0	0	0	0	0	0	0	0	0	0	-1	0
1211	K	0	0	0	0	0	0	0	0	-	0	0	0	0	0	0	0	0	0	-1	1
1212	W	0	0	0	0	0	0	0	0	0	0	0	0	0	0	0	1	1	0	-	0
1213	P	0	0	0	-1	0	-1	0	0	-1	1	-1	0	-	0	0	0	0	-1	-1	-1
1214	W	0	0	0	0	0	0	0	0	0	0	0	0	0	0	0	0	0	0	-	0
1215	Y	0	0	0	0	0	0	0	0	0	0	0	0	0	0	0	0	0	0	-1	-
1216	I	0	0	0	0	0	0	0	-	0	0	0	0	0	0	0	0	0	0	-1	0
1217	W	0	0	0	0	0	0	0	0	0	0	0	0	0	0	0	0	0	0	-	0
1218	L	0	-1	0	0	0	0	0	0	-1	-	0	0	0	0	0	0	0	0	-1	-1
1219	G	0	0	0	-1	-1	-	0	0	-1	-1	-1	0	-1	-1	0	0	-1	0	-1	-1
1220	F	0	0	0	0	-	0	0	0	0	0	0	0	-1	0	0	0	0	0	-1	0
1221	I	-1	0	-1	-1	0	-1	-1	-	-1	0	0	0	-1	-1	-1	0	0	0	-1	-1
1222	A	-	0	0	-1	-1	0	0	-1	-1	-1	0	0	-1	-1	-1	0	0	0	-1	-1
1223	G	0	0	0	-1	-1	-	0	0	-1	-1	-1	0	-1	-1	0	0	-1	0	-1	-1
1224	L	0	-1	-1	0	0	-1	0	0	-1	-	0	0	-1	0	0	0	0	0	-1	-1
1225	I	-1	0	-1	-1	0	-1	-1	-	-1	0	0	0	-1	-1	-1	0	0	0	-1	-1
1226	A	-	0	-1	-1	-1	0	0	0	-1	-1	0	-1	-1	-1	-1	0	0	0	-1	-1
1227	I	-1	-1	-1	-1	0	-1	-1	-	-1	0	0	0	-1	-1	-1	0	0	0	-1	-1
1228	V	0	-1	-1	-1	-1	-1	-1	0	-1	0	-1	-1	-1	-1	-1	-1	-1	-	-1	-1
1229	M	-1	-1	-1	-1	-1	-1	-1	0	-1	0	-	-1	-1	-1	-1	-1	-1	0	-1	-1
1230	V	0	-1	0	-1	-1	-1	-1	0	-1	0	-1	-1	-1	-1	-1	-1	-1	-	-1	-1
1231	T	0	-1	-1	-1	-1	-1	-1	0	0	-1	0	0	-1	-1	-1	0	-	0	-1	-1
1232	I	-1	-1	-1	-1	0	-1	-1	-	-1	0	0	0	-1	-1	-1	-1	0	0	-1	-1
1233	M	-1	-1	-1	-1	-1	-1	-1	0	-1	0	-	-1	-1	-1	-1	-1	-1	0	-1	-1
1234	L	-1	-1	-1	-1	0	-1	-1	0	-1	-	0	-1	-1	-1	-1	-1	-1	0	-1	-1
1235	C	0	-	-1	-1	-1	-1	-1	-1	-1	-1	-1	-1	-1	-1	-1	0	-1	-1	-1	-1
1236	C	0	-	-1	-1	-1	-1	-1	-1	-1	-1	-1	-1	-1	-1	-1	0	-1	-1	-1	-1
1237	M	-1	-1	-1	-1	-1	-1	-1	0	-1	0	-	-1	-1	-1	-1	-1	-1	0	-1	-1
1238	T	0	-1	-1	-1	-1	-1	0	0	0	0	0	0	-1	0	-1	0	-	0	-1	-1
1239	S	0	0	0	0	0	0	0	0	0	0	0	0	-1	0	0	-	0	0	0	0
1240	C	0	-	-1	0	0	-1	0	0	0	0	0	0	-1	0	0	0	0	0	0	0
1241	C	0	-	-1	1	0	-1	0	0	0	0	0	0	-1	0	0	0	0	0	0	0
1242	S	0	0	0	0	0	0	0	0	0	0	0	0	-1	0	0	-	0	0	-1	0
1243	C	0	-	0	1	0	-1	0	0	0	0	0	0	-1	0	0	0	0	0	0	0
1244	L	0	0	-1	0	0	-1	0	0	0	-	0	-1	0	0	0	0	0	0	-1	0
1245	K	0	-1	-1	0	-1	-1	-1	0	-	-1	0	0	-1	0	0	-1	0	-1	-1	-1
1246	G	0	0	0	-1	-1	-	-1	-1	0	-1	-1	0	-1	-1	-1	0	-1	0	-1	-1
1247	C	0	-	-1	-1	0	-1	0	0	-1	0	0	0	-1	0	0	0	0	0	1	0
1248	C	0	-	-1	-1	0	-1	0	0	-1	-1	0	-1	-1	-1	-1	0	0	0	1	0
1249	S	0	1	0	0	0	0	0	0	1	0	0	0	-1	0	0	-	0	0	-1	0
1250	C	0	-	-1	-1	0	-1	0	0	-1	-1	0	-1	-1	-1	-1	0	0	-1	-1	0
1251	G	0	0	0	-1	-1	-	-1	-1	-1	-1	-1	0	-1	-1	-1	0	-1	0	-1	-1
1252	S	0	1	0	0	-1	0	0	0	-1	-1	0	0	-1	0	0	-	0	0	-1	0
1253	C	0	-	-1	-1	-1	-1	0	-1	-1	-1	0	-1	-1	-1	-1	0	0	-1	-1	0
1254	C	0	-	-1	-1	-1	-1	0	-1	-1	-1	-1	0	-1	-1	-1	0	-1	-1	-1	0
1255	K	0	0	-1	0	-1	-1	-1	0	-	-1	0	0	-1	0	0	-1	0	-1	-1	-1
1256	F	0	0	-1	-1	-	-1	0	0	-1	0	0	0	-1	0	-1	0	0	0	-1	0
1257	D	0	1	-	0	-1	0	-1	-1	-1	-1	-1	0	-1	-1	-1	0	-1	0	-1	0
1258	E	0	-1	0	-	-1	0	-1	0	0	0	-1	0	-1	0	0	0	-1	0	-1	-1
1259	D	0	-1	-	0	-1	0	-1	-1	-1	-1	-1	0	-1	-1	-1	-1	-1	0	-1	0
1260	D	-1	-1	-	0	-1	0	-1	-1	-1	-1	-1	0	-1	-1	-1	-1	-1	0	-1	0
1261	S	0	0	0	0	0	0	0	0	0	0	0	0	-1	0	0	-	0	0	-1	0
1262	E	0	-1	0	-	-1	0	-1	0	0	-1	-1	0	-1	0	-1	0	0	0	-1	-1
1263	P	0	-1	-1	-1	-1	-1	-1	-1	-1	0	-1	-1	-	0	0	0	-1	-1	-1	-1
1264	V	0	-1	0	0	0	-1	0	0	0	0	0	-1	-1	0	0	-1	-1	-	-1	0
1265	L	-1	0	-1	-1	0	-1	-1	0	0	-	0	-1	-1	0	0	-1	0	0	-1	0
1266	K	0	0	-1	0	-1	-1	0	0	-	-1	0	0	-1	0	0	0	0	0	-1	0
1267	G	-1	0	0	-1	-1	-	-1	-1	-1	-1	-1	-1	-1	-1	-1	0	-1	0	-1	-1
1268	V	0	-1	0	0	0	-1	-1	0	-1	0	0	-1	-1	-1	0	-1	-1	-	-1	0
1269	K	0	0	-1	0	-1	-1	0	0	-	-1	0	0	-1	0	0	0	0	0	-1	0
1270	L	1	0	0	0	0	-1	0	0	0	-	0	1	0	1	0	0	0	0	-1	0
1271	H	0	0	0	-1	0	0	-	0	0	0	0	0	-1	0	0	0	0	0	0	0
1272	Y	-1	0	0	-1	0	-1	0	0	-1	-1	0	1	-1	0	0	-1	-1	-1	0	-
1273	T	0	0	0	0	0	-1	0	0	0	0	0	0	0	0	-1	0	-	0	0	0
