#INIT_LOOP
A    8 -155.0 155.0 -65.0 140.0-140.0  70.0-110.0  15.0 -75.0 -15.0 -60.0 -40.0  45.0  50.0  65.0  15.0
B    0 
C    9 -165.0 165.0-115.0 145.0 -65.0 140.0-130.0 100.0-110.0  15.0 -85.0 -10.0 -60.0 -30.0  50.0  55.0  70.0  25.0
D   10  -70.0 150.0-125.0 155.0-135.0 115.0 -90.0 105.0-110.0  30.0-100.0   5.0 -70.0 -30.0  50.0  55.0  62.0  25.0 -65.0 -40.0
E    8 -110.0  10.0 -70.0 145.0-105.0 135.0 -90.0 115.0-140.0 155.0 -80.0 -10.0 -60.0 -40.0  55.0  35.0
F    7 -150.0 165.0-120.0 140.0 -70.0 140.0-115.0  30.0-100.0  -5.0 -65.0 -35.0  60.0  32.0
G   10  -75.0 150.0-100.0  10.0 -65.0 -35.0 -90.0-175.0 175.0 170.0  60.0  30.0  85.0  10.0 100.0 -15.0  60.0-125.0  85.0-165.0
H    9 -150.0 155.0 -70.0 130.0-120.0 145.0-120.0  90.0 -75.0 -25.0-115.0  10.0  45.0  45.0  65.0  15.0 -65.0 -40.0
I    7  -90.0 -28.0-135.0 155.0-105.0 120.0 -70.0 135.0-115.0  15.0-105.0 -50.0 -60.0 -35.0
J    0 
K    7  -65.0 135.0-100.0 140.0-135.0 155.0-120.0  25.0 -90.0 -10.0 -60.0 -35.0  50.0  35.0
L    7  -70.0 140.0-120.0 150.0 -95.0  85.0-115.0  10.0 -95.0 -20.0 -65.0 -40.0  60.0  30.0
M    9  -90.0 -30.0-140.0 140.0-105.0 138.0 -70.0 145.0 -95.0  75.0-110.0  10.0 -75.0 -30.0  55.0  30.0 -65.0 -40.0
N    9 -120.0 120.0-155.0 165.0 -65.0 150.0-100.0 110.0-120.0  20.0 -92.0  -2.0 -65.0 -35.0  50.0  50.0  62.0  30.0
O    0 
P   10  -55.0 135.0 -70.0 148.0 -60.0 152.0 -75.0 162.0 -80.0  60.0 -85.0  10.0 -70.0 -15.0 -62.0 -40.0 -50.0 -45.0 -80.0-178.0
Q    9 -150.0 165.0-110.0 150.0 -70.0 140.0-105.0  -2.0 -72.0 -30.0-110.0 110.0  50.0  55.0  65.0  30.0 -60.0 -40.0
R    7 -150.0 160.0-110.0 140.0 -65.0 145.0-120.0  80.0-115.0 -10.0 -65.0 -40.0  50.0  30.0
S    8  -65.0 130.0 -80.0 165.0-140.0 150.0-120.0  10.0 -85.0 -10.0 -60.0 -40.0  60.0  30.0-155.0-175.0
T    8 -130.0 165.0-150.0 148.0-110.0 120.0 -62.0 132.0-120.0  20.0-105.0 -10.0 -65.0 -35.0-135.0-175.0
U    0 
V    8 -140.0 165.0-120.0 130.0 -95.0 120.0 -70.0 140.0-120.0  10.0 -60.0 -35.0-100.0 -45.0  60.0  45.0
W    7 -140.0 155.0 -65.0 135.0-105.0-110.0 120.0  20.0 -90.0 -15.0 -65.0 -35.0  55.0  35.0
X    0 
Y    8 -150.0 165.0-100.0 150.0 -65.0 130.0-135.0 105.0-120.0  20.0 -90.0 -15.0 -60.0 -45.0  60.0  35.0
Z    0 
