#INIT_LOOP          **** extended set used for small loops ****
A   14 -155.0 155.0 -65.0 140.0-140.0  70.0-110.0  15.0 -75.0 -15.0 -60.0 -40.0  45.0  50.0  65.0  15.0-110.0-175.0 -85.0 150.0 -90.0  90.0 -95.0  -5.0-125.0 165.0 -55.0 130.0
B    0 
C   14 -165.0 165.0-115.0 145.0 -65.0 140.0-130.0 100.0-110.0  15.0 -85.0 -10.0 -60.0 -30.0  50.0  55.0  70.0  25.0 -90.0 140.0 -70.0 -45.0 -80.0 115.0-135.0 132.0 -95.0  10.0
D   14  -70.0 150.0-125.0 155.0-135.0 115.0 -90.0 105.0-110.0  30.0-100.0   5.0 -70.0 -30.0  50.0  55.0  62.0  25.0 -65.0 -40.0 -95.0  80.0 -65.0 130.0-155.0 170.0-112.0 118.0
E   13 -110.0  10.0 -70.0 145.0-105.0 135.0 -90.0 115.0-140.0 155.0 -80.0 -10.0 -60.0 -40.0  55.0  35.0 -90.0 -45.0  20.0  50.0-125.0 140.0 -65.0 -15.0 -85.0 165.0
F   14 -150.0 165.0-120.0 140.0 -70.0 140.0-115.0  30.0-100.0  -5.0 -65.0 -35.0  60.0  32.0 -90.0 -20.0-125.0  85.0 -95.0 135.0-135.0 155.0-110.0  10.0-155.0 135.0 -20.0-125.0
G   15  -75.0 150.0-100.0  10.0 -65.0 -35.0 -90.0-175.0 175.0 170.0  60.0  30.0  85.0  10.0 100.0 -15.0  60.0-125.0  85.0-165.0-165.0 155.0 -90.0  15.0  88.0 170.0-110.0-145.0 -60.0 140.0
H   14 -150.0 155.0 -70.0 130.0-120.0 145.0-120.0  90.0 -75.0 -25.0-115.0  10.0  45.0  45.0  65.0  15.0 -65.0 -40.0 -95.0   5.0-170.0 155.0 -85.0  85.0-110.0-135.0 -55.0 128.0
I   14  -90.0 -28.0-135.0 155.0-105.0 120.0 -70.0 135.0-115.0  15.0-105.0 -50.0 -60.0 -35.0-130.0 135.0 -85.0 125.0 -80.0 -50.0-110.0 140.0 -75.0 -15.0-100.0   0.0 -95.0 105.0
J    0 
K   14  -65.0 135.0-100.0 140.0-135.0 155.0-120.0  25.0 -90.0 -10.0 -60.0 -35.0  50.0  35.0 -65.0 -40.0 -90.0  75.0  50.0  15.0-118.0 150.0-110.0 110.0 -80.0 155.0-105.0   5.0
L   13  -70.0 140.0-120.0 150.0 -95.0  85.0-115.0  10.0 -95.0 -20.0 -65.0 -40.0  60.0  30.0-105.0 175.0 -90.0 130.0-100.0 150.0 -90.0   5.0 -58.0 132.0 -70.0 -20.0
M   13  -90.0 -30.0-140.0 140.0-105.0 138.0 -70.0 145.0 -95.0  75.0-110.0  10.0 -75.0 -30.0  55.0  30.0 -65.0 -40.0-100.0 -25.0 -80.0 120.0 -58.0 -42.0 -88.0 152.0
N   13 -120.0 120.0-155.0 165.0 -65.0 150.0-100.0 110.0-120.0  20.0 -92.0  -2.0 -65.0 -35.0  50.0  50.0  62.0  30.0-125.0 110.0 -80.0 160.0 -85.0  85.0-130.0 150.0
O    0 
P   12  -55.0 135.0 -70.0 148.0 -60.0 152.0 -75.0 162.0 -80.0  60.0 -85.0  10.0 -70.0 -15.0 -62.0 -40.0 -50.0 -45.0 -80.0-178.0 -75.0 140.0 -88.0 165.0
Q   14 -150.0 165.0-110.0 150.0 -70.0 140.0-105.0  -2.0 -72.0 -30.0-110.0 110.0  50.0  55.0  65.0  30.0 -60.0 -40.0-100.0 -35.0 -92.0 148.0 -90.0  85.0 -60.0 130.0 -70.0 -45.0
R   13 -150.0 160.0-110.0 140.0 -65.0 145.0-120.0  80.0-115.0 -10.0 -65.0 -40.0  50.0  30.0 -80.0 -20.0  55.0  55.0 -85.0 120.0-115.0  20.0-135.0 145.0 -82.0 150.0
S   15  -65.0 130.0 -80.0 165.0-140.0 150.0-120.0  10.0 -85.0 -10.0 -60.0 -40.0  60.0  30.0-155.0-175.0 -65.0 150.0 -70.0 -35.0-105.0 120.0 -95.0   5.0-162.0 168.0 -90.0 140.0  50.0  70.0
T   13 -130.0 165.0-150.0 148.0-110.0 120.0 -62.0 132.0-120.0  20.0-105.0 -10.0 -65.0 -35.0-135.0-175.0 -80.0 -20.0 -90.0 160.0  60.0  10.0-110.0   5.0-118.0 150.0-125.0 -10.0
U    0 
V   13 -140.0 165.0-120.0 130.0 -95.0 120.0 -70.0 140.0-120.0  10.0 -60.0 -35.0-100.0 -45.0  60.0  45.0 -80.0 -50.0-130.0 145.0 -82.0 130.0-100.0 -15.0-110.0 -50.0
W   11 -140.0 155.0 -65.0 135.0-105.0-110.0 120.0  20.0 -90.0 -15.0 -65.0 -35.0  55.0  35.0 -90.0 140.0-110.0 -20.0-125.0 145.0 -95.0   5.0
X    0 
Y   13 -150.0 165.0-100.0 150.0 -65.0 130.0-135.0 105.0-120.0  20.0 -90.0 -15.0 -60.0 -45.0  60.0  35.0 -70.0 -30.0 -95.0 110.0-130.0 150.0-110.0   2.0 -80.0  70.0
Z    0 
